     phi        K
    0.23030979987050070878     0.00000549742667003050
    0.24783008782852633534     0.00000564236069890844
    0.26495156534297292783     0.00000576287907135937
    0.28168331044784800099     0.00000592291742761659
    0.29803419453587720600     0.00000604824395677912
    0.31401288706223351443     0.00000617686948201662
    0.32962786014119727085     0.00000634643846941947
    0.34488739303818349846     0.00000648247737985472
    0.35979957655951810835     0.00000663242469251301
    0.37437231734229037272     0.00000679103516082355
    0.38861334204655584301     0.00000695397177203862
    0.40253020145211548808     0.00000709842081769335
    0.41613027446203731952     0.00000726448661974334
    0.42942077201504935680     0.00000748626129520923
    0.44240874090887494230     0.00000763401848885089
    0.45510106753653756240     0.00000778634549886758
    0.46750448153761803294     0.00000798824793880103
    0.47962555936639827969     0.00000820659528229370
    0.49147072777878453298     0.00000840504206538300
    0.50304626723985845782     0.00000852102578656627
    0.51435831525386266350     0.00000883698757040300
    0.52541286961838684633     0.00000900993611305805
    0.53621579160447940815     0.00000923889942086386
    0.54677280906437086827     0.00000937263429786562
    0.55708951946845719494     0.00000958867335998840
    0.56717139287315243568     0.00000989117266187064
    0.57702377482118505370     0.00001011304996295865
    0.58665188917587562933     0.00001031678157621826
    0.59606084089089828026     0.00001059362549963723
    0.60525561871699440353     0.00001083474623485141
    0.61424109784707470183     0.00001112025167652248
    0.62302204250111081762     0.00001138202945035397
    0.63160310845218781139     0.00001160156466769180
    0.63998884549505685726     0.00001180469353527212
    0.64818369985849633164     0.00001219923402502354
    0.65619201656276160417     0.00001248883978499504
    0.66401804172337175469     0.00001267202733114405
    0.67166592480245657093     0.00001306200786414762
    0.67913972080885653959     0.00001337029514062470
    0.68644339244814145395     0.00001367722775681526
    0.69358081222368994645     0.00001401593855931315
    0.70055576448994205663     0.00001433525885191019
    0.70737194745891374126     0.00001466673090897479
    0.71403297516103791942     0.00001502442974317427
    0.72054237936137144338     0.00001537942892629761
    0.72690361143218340523     0.00001573580327165002
    0.73312004418291865093     0.00001601749915621373
    0.73919497364850594856     0.00001645284351343059
    0.74513162083695894111     0.00001685774240894297
    0.75093313343719791941     0.00001714152106313188
    0.75660258748799558148     0.00001761451633039959
    0.76214298900893373556     0.00001804393980753242
    0.76755727559423470030     0.00001849071100421486
    0.77284831797031250389     0.00001887806846331645
    0.77801892151787022112     0.00001934716980925489
    0.78307182775934980334     0.00001969234626991787
    0.78800971581252365894     0.00002021299755445243
    0.79283520381099803487     0.00002075562458344799
    0.79755085029238270700     0.00002115791090563879
    0.80215915555486128063     0.00002165238748083434
    0.80666256298288174786     0.00002221641071932334
    0.81106346034267229328     0.00002273034685673175
    0.81536418104826580144     0.00002330088851921515
    0.81956700539870708244     0.00002377575171148387
    0.82367416178709773611     0.00002419590185355063
    0.82768782788211947565     0.00002490866644771478
    0.83161013178266307566     0.00002546904857166801
    0.83544315314617445534     0.00002612970972948716
    0.83918892429131664024     0.00002674148022729996
    0.84284943127553180187     0.00002734488350644599
    0.84642661494807547307     0.00002799406613949561
    0.84992237197908071522     0.00002868699653848524
    0.85333855586519691272     0.00002929882082440577
    0.85667697791233909932     0.00003004859116286741
    0.85993940819606606851     0.00003065550463645538
    0.86312757650009741539     0.00003116991146771950
    0.86624317323346833319     0.00003214983352331253
    0.86928785032680688794     0.00003257175376218331
    0.87226322210820872449     0.00003348547061522152
    0.87517086615917627501     0.00003445144731140435
    0.87801232415107244300     0.00003500655061842064
    0.88078910266253584993     0.00003601632657240142
    0.88350267397828807781     0.00003692884506414921
    0.88615447686975912234     0.00003751993411919173
    0.88874591735794294944     0.00003827557661537355
    0.89127836945888805342     0.00003956362128494108
    0.89375317591221936642     0.00004047134349563521
    0.89617164889307643350     0.00004147902539766075
    0.89853507070784577326     0.00004239606097362219
    0.90084469447405746134     0.00004338350331007764
    0.90310174478480353955     0.00004436374804641535
    0.90530741835803452133     0.00004513563803054346
    0.90746288467107438791     0.00004601478152764486
    0.90956928658069347016     0.00004757963129738278
    0.91162774092906551093     0.00004843426618008907
    0.91363933913593309288     0.00004991850354558069
    0.91560514777729196112     0.00005104264788796450
    0.91752620915090443710     0.00005180328381340287
    0.91940354182893913038     0.00005320484368986102
    0.92123814119803126843     0.00005459492769884840
    0.92303097998705008198     0.00005585090991316516
    0.92478300878285268904     0.00005663009727339572
    0.92649515653429725948     0.00005821466706286767
    0.92816833104478480010     0.00005929809696738574
    0.92980341945358779832     0.00006134645664210173
    0.93140128870622329593     0.00006228168237496950
    0.93296278601411974929     0.00006418930037749053
    0.93448873930381837205     0.00006568809880067612
    0.93597995765595187745     0.00006686045558165753
    0.93743723173422899286     0.00006825661584984153
    0.93886133420465556210     0.00006992040813306256
    0.94025302014521161542     0.00007178906983138767
    0.94161302744620378746     0.00007376898835250901
    0.94294207720150491348     0.00007464509323497841
    0.94424087409088752754     0.00007638140475272838
    0.94551010675365376734     0.00007847310208375393
    0.94675044815376174778     0.00008099626319184384
    0.94796255593663980576     0.00008276308584355546
    0.94914707277787846440     0.00008463849746819191
    0.95030462672398585688     0.00008574016900247464
    0.95143583152538624415     0.00008816823247193967
    0.95254128696183870684     0.00009077547151248620
    0.95362157916044787420     0.00009248713730712194
    0.95467728090643710903     0.00009426856346277741
    0.95570895194684568619     0.00009657002883524611
    0.95671713928731527687     0.00009868396314064825
    0.95770237748211850537     0.00010164215915364607
    0.95866518891758756293     0.00010411560269344432
    0.95960608408908987244     0.00010640902844333215
    0.96052556187169946256     0.00010829026316461657
    0.96142410978470749239     0.00011071273237081388
    0.96230220425011103735     0.00011361140557210928
    0.96316031084521880334     0.00011688868219267569
    0.96399888454950566352     0.00011863946718335102
    0.96481836998584968867     0.00012230742461716220
    0.96561920165627612711     0.00012524459404533901
    0.96640180417233723098     0.00012826095707903792
    0.96716659248024572371     0.00013010368330393433
    0.96791397208088569837     0.00013415550670301394
    0.96864433924481418980     0.00013584211371505599
    0.96935808122236899464     0.00013899873211757185
    0.97005557644899420566     0.00014369151440187826
    0.97073719474589137413     0.00014682680656060175
    0.97140329751610376974     0.00015041606826802329
    0.97205423793613709993     0.00015388115884165250
    0.97269036114321838493     0.00015686507960248675
    0.97331200441829190950     0.00016137988815041019
    0.97391949736485061706     0.00016506936683520468
    0.97451316208369587191     0.00016884288520418181
    0.97509331334371984745     0.00017277381641231217
    0.97566025874879958035     0.00017670139553295640
    0.97621429890089339576     0.00018054649220230147
    0.97675572755942341452     0.00018517814397524249
    0.97728483179703129480     0.00018927385184821846
    0.97780189215178703321     0.00019400389659973702
    0.97830718277593498033     0.00019798561691120045
    0.97880097158125234369     0.00020289565018813941
    0.97928352038109978128     0.00020670118331609177
    0.97975508502923824850     0.00021191496068248883
    0.98021591555548615027     0.00021782546811894993
    0.98066625629828818589     0.00022263702278379758
    0.98110634603426727374     0.00022746490190618293
    0.98153641810482661345     0.00023087615226727773
    0.98195670053987071935     0.00023845277466101762
    0.98236741617870981802     0.00024357556100731647
    0.98276878278821189205     0.00024977422190060311
    0.98316101317826631867     0.00025613461984894586
    0.98354431531461750104     0.00026132601308105966
    0.98391889242913166402     0.00026781409748268599
    0.98428494312755321349     0.00027369458562120436
    0.98464266149480750290     0.00027841749347431587
    0.98499223719790807152     0.00028351986009054580
    0.98533385558651964686     0.00029281025237891357
    0.98566769779123386552     0.00029887666416539055
    0.98599394081960656244     0.00030677512494486599
    0.98631275765000969713     0.00031257530606470531
    0.98662431732334687773     0.00032093844347013333
    0.98692878503268066659     0.00033083428440114522
    0.98722632221082085024     0.00033486524678507350
    0.98751708661591763860     0.00034404270169364728
    0.98780123241510719989     0.00035490758307837802
    0.98807891026625360720     0.00035863358827252793
    0.98835026739782882998     0.00036672762265841811
    0.98861544768697595664     0.00038129079783273749
    0.98887459173579428384     0.00038579357609643780
    0.98912783694588879424     0.00039177528069363725
    0.98937531759122199215     0.00040268340667545067
    0.98961716488930762115     0.00041293864256053203
    0.98985350707078456622     0.00042457855691244194
    0.99008446944740569062     0.00043208128135324649
    0.99031017447848035395     0.00044584334308867555
    0.99053074183580347434     0.00045546456354500975
    0.99074628846710743879     0.00046254933570091355
    0.99095692865806939142     0.00047988555843345588
    0.99116277409290653999     0.00048443274560840583
    0.99136393391359334260     0.00049560845917964811
    0.99156051477772921832     0.00050861061686668062
    0.99175262091509042151     0.00052172416050250429
    0.99194035418289394634     0.00053535728722464108
    0.99212381411980310464     0.00054821697988598640
    0.99230309799870497489     0.00055725479673680823
    0.99622851801936540550     0.00114724166167930360
    0.99700420537602807425     0.00143636302333029035
    0.99762035574474394739     0.00180727277627947729
    0.99810978137945061128     0.00230195975649556987
    0.99849854597989606830     0.00285349166952064432
    0.99880735267869114047     0.00359860599915499480
    0.99905264655861614198     0.00456723630741642447
    0.99924749041324556487     0.00596407745858457995
    0.99940226038834023559     0.00733319482298547699
    0.99952519854944554822     0.00904898541425051654
    0.99962285180193655165     0.00963762917198609029
    0.99970042053760277412     0.01584632712140779040
    0.99976203557447440584     0.01565374536050638532
    0.99981097813794506113     0.01931557393612803528
    0.99984985459798958463     0.03209435101321940487
    0.99988073526786913625     0.03224966969142153972
    0.99990526465586160310     0.04191105844794246194
    0.99992474904132455649     0.05264289220843948458
    0.99994022603883403466     0.07259698468916415959
    0.99994971357359152542     0.08886166637287756798
    0.99995413823404299958     0.08766446107970603252
    0.99995817357233518496     0.12436848129571834165
    0.99996185384459823631     0.11111484290245057793
