     phi        K
    0.37168146928204137680     0.00149286165710159910
    0.38755265364658153526     0.00152391492588432658
    0.40302293547392387119     0.00155646716328764726
    0.41810244147173192264     0.00160811279306949861
    0.43280104254931739405     0.00164951448633358336
    0.44712836027904978575     0.00168659876091388559
    0.46109377319455013833     0.00172563964212659859
    0.47470642292979625676     0.00176067413366138323
    0.48797522020315298175     0.00180323113900265962
    0.50090885065024970402     0.00183663747939655253
    0.51351578050951851573     0.00188766428712596824
    0.52580426216411857432     0.00193265005838621313
    0.53778233954387144600     0.00197239819554272328
    0.54945785339074648679     0.00202331862103983639
    0.56083844639133850762     0.00206152802839616473
    0.57193156817970369765     0.00212477547918930648
    0.58274448021382163621     0.00216319133256371275
    0.59328426052888150188     0.00221525466845340314
    0.60355780837050010401     0.00226991668169461251
    0.61357184871090586498     0.00235339376925095033
    0.62333293665104605452     0.00238855699261817213
    0.63284746171149608429     0.00244520638328814830
    0.64212165201498327960     0.00250530418407387623
    0.65116157836325905262     0.00256769791251502304
    0.65997315821099267197     0.00265040139935810663
    0.66856215953928255225     0.00270118313146982744
    0.67693420463132569775     0.00277037811896040185
    0.68509477375271399247     0.00287739017831587602
    0.69304920873876629805     0.00291500869749117264
    0.70080271649124625810     0.00298846329739577881
    0.70836037238675353400     0.00306633427772855759
    0.71572712359901946577     0.00317675075838037965
    0.72290779233728297282     0.00322425592964837486
    0.72990707900286522225     0.00330872575859412956
    0.73672956526601018901     0.00340894782177289827
    0.74337971706500494129     0.00348312972428050423
    0.74986188752954285874     0.00357573666464067316
    0.75618031983024280862     0.00366285072081030168
    0.76233914995619123101     0.00375809839936059502
    0.76834240942232312488     0.00385427211852683478
    0.77419402790841529427     0.00395502552424354618
    0.77989783583141991663     0.00406067709752846052
    0.78545756685282108744     0.00416308440953301866
    0.79087686032265569480     0.00427239898110403325
    0.79615926366179978757     0.00438226930795103126
    0.80130823468407796906     0.00450272715071831347
    0.80632714385971793192     0.00461114907376411302
    0.81121927652162928446     0.00474506277092304196
    0.81598783501595351098     0.00485379686869451613
    0.82063594079829116357     0.00498051661392219080
    0.82516663647697785500     0.00510797361879234205
    0.82958288780474920276     0.00527567009455837989
    0.83388758562009579478     0.00537850755011237951
    0.83808354773957971506     0.00551630970106529485
    0.84217352080235241552     0.00566041745999983428
    0.84616018206807996904     0.00580578769166630905
    0.85004614116945309554     0.00595735314970490329
    0.85383394182042915421     0.00611015825932542320
    0.85752606348132509595     0.00627079988320943752
    0.86112492298184917239     0.00643346625491700210
    0.86463287610313666054     0.00659748484784441255
    0.86805221911982233252     0.00677053716061060476
    0.87138519030316197167     0.00694633770424749920
    0.87463397138618415028     0.00715244778520955811
    0.87780068899183305575     0.00731245612935247594
    0.88088741602503750627     0.00750301915809692497
    0.88389617302961487333     0.00769424014509514226
    0.88682892951090164235     0.00789414131315614026
    0.88968760522497358778     0.00809628504628132767
    0.89247407143530144147     0.00831380028348442483
    0.89519015213766217620     0.00852365599237580283
    0.89783762525411126010     0.00874864379423147091
    0.90041822379679381516     0.00897287742651946101
    0.90293363700235929059     0.00920927578387612140
    0.90538551143772028063     0.00944793269040811873
    0.90777545207788057358     0.00969245838396793312
    0.91010502335653720163     0.00994342070185788227
    0.91237575019014527378     0.01019894571094960393
    0.91458911897611372410     0.01046093745120610201
    0.91674657856578867232     0.01073511771404148281
    0.91884954121285766782     0.01100888456422563326
    0.92089938349779876248     0.01130257586587127272
    0.92289744722897781859     0.01158942953822144142
    0.92484504032098369120     0.01189192972689049645
    0.92674343765077793478     0.01221217745702759400
    0.92859388189221769849     0.01251244522632957365
    0.93039758432949859479     0.01283718192957289395
    0.93215572565005078154     0.01316621080388777343
    0.93386945671740628772     0.01351287144104494631
    0.93553989932454362233     0.01386757049169634257
    0.93716814692820415988     0.01422814555862543864
    0.93875526536465814242     0.01461240859371734299
    0.94030229354739236491     0.01496568802403488822
    0.94181024414717318116     0.01535061419829010163
    0.94328010425493180602     0.01574785380253936398
    0.94471283602790501188     0.01616087954163440005
    0.94610937731945499163     0.01660547577696463301
    0.94747064229297961457     0.01702415772988828332
    0.94879752202031530928     0.01744871061388030692
    0.95009088506502492599     0.01791551152298925115
    0.95135157805095182937     0.01838543737461820898
    0.95258042621641181302     0.01884023691228600694
    0.95377823395438710019     0.01932583912455557856
    0.95494578533907459317     0.01982813427601377854
    0.95608384463913387297     0.02035277523809792682
    0.95719315681797034756     0.02088325464854911412
    0.95827444802138217472     0.02142450596958489495
    0.95932842605288815019     0.02198224766220818749
    0.96035578083704997709     0.02254961484765011931
    0.96135718487109056429     0.02312012620735356960
    0.96233329366510456104     0.02372352920857515035
    0.96328474617114956402     0.02435772508646601164
    0.96421216520149832796     0.02498814711859572574
    0.96511615783632587195     0.02561790635027881222
    0.96599731582109926720     0.02628033383132836326
    0.96685621595392823302     0.02696374319233143038
    0.96769342046313255867     0.02766092797350234306
    0.96850947737527137704     0.02837788774869080821
    0.96930492087387665201     0.02912856663687885678
    0.97008027164912458140     0.02986883351530783201
    0.97083603723867539781     0.03066517158347402405
    0.97157271235990194658     0.03145777527371716731
    0.97229077923372830838     0.03224846537332211327
    0.97299070790028652223     0.03309500574123672156
    0.97367295652660101890     0.03394292911184119271
    0.97433797170650049413     0.03482327820043418232
    0.97498618875295428587     0.03572432609694332212
    0.97561803198302432527     0.03664678184317392284
    0.97623391499561917861     0.03762538072257175237
    0.97683424094223225698     0.03860634372215242943
    0.97741940279084149612     0.03961219635329307764
    0.97798978358314203607     0.04059886084634255904
    0.97854575668528209764     0.04167270986993708987
    0.97908768603226559168     0.04273823628956809756
    0.97961592636618000096     0.04385911334918215360
    0.98013082346840774139     0.04497512870978726679
    0.98063271438597177099     0.04617741441988055390
    0.98112192765216288404     0.04737569336828873628
    0.98159878350159535110     0.04856034827421899791
    0.98206359407982912746     0.04985812337597728822
    0.98251666364769774109     0.05114538848172649893
    0.98295828878047486477     0.05243889967136678570
    0.98338875856200957948     0.05382530993729448682
    0.98380835477395800481     0.05522211416724769062
    0.98421735208023519714     0.05662024379581730160
    0.98461601820680799690     0.05813673031999747054
    0.98500461411694528735     0.05966182038512276437
    0.98538339418204290432     0.06113832236236648593
    0.98575260634813255400     0.06272676536646779044
    0.98611249229818487283     0.06438336789438647845
    0.98646328761031365495     0.06601719084856889908
    0.98680522191198227766     0.06775672791836849507
    0.98713851903031624158     0.06948154927723934615
    0.98746339713861841503     0.07128892555590445046
    0.98778006889918334998     0.07320158273238655533
    0.98808874160250370622     0.07510340976044613259
    0.98838961730296148733     0.07697189587768873964
    0.98868289295109013093     0.07898918141971292273
    0.98896876052249738098     0.08098193774936680855
    0.98924740714353009974     0.08330189301637197508
    0.98951901521376617321     0.08532785806993906097
    0.98978376252541111491     0.08742886228305281338
    0.99004182237967941482     0.08969332667900667411
    0.99029336370023590685     0.09216918671737490965
    0.99053855114377198365     0.09458134887030621163
    0.99077754520778804626     0.09688610903117381157
    0.99101050233565368686     0.09940789614810134622
    0.99123757501901454958     0.10224020956088145096
    0.99145891189761137241     0.10474222079350906101
    0.99167465785657882282     0.10729023904540149759
    0.99188495412128574458     0.11016463185798153201
    0.99208993834977987625     0.11387699012111238139
    0.99228974472289777076     0.11614580742777559641
    0.99248450403209831361     0.11927409908739626532
    0.99267434376507779348     0.12323502164698069139
    0.99285938818922181426     0.12500092014120012252
    0.99303975843294989279     0.12834222620331653397
    0.99321557256500503374     0.13316061491655847848
    0.99338694567174057326     0.13545388496236568376
    0.99355398993245436223     0.13889351646040884458
    0.99371681469282036048     0.14220231861522455996
    0.99387552653646582534     0.14571371814330938421
    0.99403022935473928090     0.15166096589708444320
    0.99418102441471734032     0.15385001938837891688
    0.99432801042549312509     0.15952060783953600498
    0.99447128360279046788     0.16366143971277358204
    0.99461093773194553247     0.16634975225650744379
    0.99474706422929792815     0.17102348590913615811
    0.99487975220203150872     0.17569911600806387142
    0.99497345175425633279     0.18011019014824611317
    0.99592281174542551803     0.22133129194582532029
    0.99669286690378100513     0.27248088500344652685
    0.99731748238413187035     0.33243557482031688144
    0.99782412725763292016     0.41293539339822132872
    0.99823508253479109609     0.51179506754806702862
    0.99856842103016985046     0.63469499771051951509
    0.99883880216086062820     0.77439221301154892441
    0.99905811663202770401     0.97180225865450320377
    0.99923600936122969340     1.19031601843646228645
    0.99938030363845864468     1.42830797485768790089
    0.99949734517542565548     1.76894105422004166428
    0.99959228117454257401     2.15709502677839992657
    0.99966928669037813382     2.77276248926447976828
    0.99973174823841315373     3.34577076608309376127
    0.99978241272576329202     4.26144030223082381781
    0.99982350825347909851     4.73155165186740678251
    0.99985684210301695174     6.00996774962297752865
    0.99988388021608609613     7.51905195250983737765
    0.99990581166320280371     8.59548934991307334030
    0.99992360093612298044    12.20587334558355152581
    0.99993803036384587557    14.61691102201871572674
    0.99994973451754254334    15.42748044666264384261
