     phi        K
    0.99968584073464106243     0.26324861334845711669
    0.99967604610495897077     0.26209807527252332315
    0.99966594610541781307     0.26090558450343176444
    0.99965553121541750325     0.25972085474921297044
    0.99964479161753183600     0.25865909306511303267
    0.99963371718825388967     0.25725494512595370455
    0.99962229748845332633     0.25598380568024381443
    0.99961052175353637406     0.25493381214654325939
    0.99959837888329838851     0.25349607624338982292
    0.99958585743146055602     0.25229204749462674773
    0.99957294559488052421     0.25111854658128673901
    0.99955963120242596887     0.24992597341151112644
    0.99954590170350177125     0.24869604138396206316
    0.99953174415621959259     0.24714676992532078059
    0.99951714521519829937     0.24632906408855764768
    0.99950209111898391523     0.24462668701030149121
    0.99948656767707821924     0.24381151196303971207
    0.99947056025656155764     0.24259580067260974601
    0.99945405376829987709     0.24140768858567707156
    0.99943703265272110237     0.24008845253069638348
    0.99941948086514809102     0.23879018543653135476
    0.99940138186067428716     0.23744329983592951661
    0.99938271857856808555     0.23624928449584450818
    0.99936347342619091805     0.23504827068900044362
    0.99934362826241351918     0.23370069369713239449
    0.99932316438051571605     0.23230477136890581580
    0.99930206249055264500     0.23118367374381004753
    0.99928030270117185196     0.23013882409046748645
    0.99925786450086240276     0.22904344301945020468
    0.99923472673862046012     0.22867267419395462258
    0.99921086760401178761     0.22652092267763629385
    0.99918626460661175148     0.22561999137799942927
    0.99916089455480605608     0.21960115708671720802
    0.99913473353392867615     0.21799015883809505501
    0.99910775688371977754     0.21544393266116232399
    0.99907993917507975645     0.21579018620346795965
    0.99905125418609896926     0.21576641809932370353
    0.99902167487733994911     0.21350397585303768078
    0.99899117336634946085     0.21256409130536324525
    0.99895972090137530319     0.21124541770332183610
    0.99892728783426409933     0.20969384007499813904
    0.99889384359251365275     0.20847564436032905988
    0.99885935665045455512     0.20901545387368367090
    0.99882379449953306860     0.20755105381100141804
    0.99878712361766708305     0.20574712374820217087
    0.99874930943764772540     0.20413662852783190371
    0.99871031631455431388     0.20217877845686063609
    0.99867010749215501253     0.20260607542071870646
    0.99862864506825865796     0.20084721301628633006
    0.99858588995898722729     0.19989059512623172377
    0.99854180186193375324     0.19718472144665502577
    0.99849633921817215754     0.19768448752028808246
    0.99844945917308236538     0.19503261480135061778
    0.99840111753595384148     0.19406258463787698365
    0.99835126873833024419     0.19323643126641096290
    0.99829986579105500777     0.19331917077437971164
    0.99824686023997766249     0.19091919310581526026
    0.99819220212027937045     0.18992367953222499821
    0.99813583990937460033     0.19039949965573058077
    0.99807772047834375506     0.18716575927941550561
    0.99801778904185245445     0.18574127539374804541
    0.99795598910650895608     0.18512615997725653805
    0.99789226241761141978     0.18308498157384792138
    0.99782654890423516658     0.18093627227684544456
    0.99775878662260797380     0.18125349048777156247
    0.99768891169771933836     0.18039534967107687113
    0.99761685826311030656     0.17827775281089433546
    0.99754255839878513967     0.17838916674156099496
    0.99746594206718774966     0.17582818933474370082
    0.99738693704718173194     0.17558329092465771448
    0.99730546886597271072     0.17413387140308009271
    0.99722146072890760493     0.17392155938268680226
    0.99713483344708520040     0.17242751626469396409
    0.99704550536271019379     0.17084451651268084404
    0.99695339227211965394     0.16943709504745710359
    0.99685840734641018024     0.16817192049699380973
    0.99676046104958970773     0.16670579482265682203
    0.99665946105417790868     0.16647653385256838687
    0.99655531215417514357     0.16535503786213964772
    0.99644791617531858208     0.16381289347016156355
    0.99633717188253889674     0.16301233338057610767
    0.99622297488453359637     0.16168608591564820331
    0.99610521753536385159     0.16090305775877991601
    0.99598378883298366304     0.15942686153160187668
    0.99585857431460600431     0.15830177114661744819
    0.99572945594880568621     0.15733241687538646048
    0.99559631202425991070     0.15644853225455801482
    0.99545901703501804558     0.15494934886339631341
    0.99531744156219648101     0.15376284370040832483
    0.99517145215198299368     0.15265767734982643722
    0.99502091118983970741     0.15086736544359433121
    0.99486567677078208138     0.15025972938621345865
    0.99470560256561524337     0.14849222998820024721
    0.99454053768299865990     0.14736225054674648161
    0.99437032652721113468     0.14656978967920628043
    0.99419480865148079918     0.14568463459627964407
    0.99401381860674276059     0.14412615249588017763
    0.99382718578568129963     0.14291110221250152845
    0.99363473426190962456     0.14149192889286757446
    0.99343628262413541385     0.14100644787664823321
    0.99323164380515682748     0.13938354855389695208
    0.99302062490552656104     0.13764172510823399764
    0.99280302701171829760     0.13698948423985676803
    0.99257864500862380552     0.13576536280393433631
    0.99234726738620515629     0.13450496309889617419
    0.99210867604011765408     0.13297264331414693217
    0.99186264606611762584     0.13174079753333875487
    0.99160894554806011669     0.13092627578420765189
    0.99134733533928665050     0.12962676793936447894
    0.99107756883719799745     0.12842452253677694163
    0.99079939175079767555     0.12725032646872813658
    0.99051254186098913745     0.12603605867296940879
    0.99021674877339915799     0.12471950516975346956
    0.98991173366349449747     0.12368108873234638645
    0.98959720901375347601     0.12280225668237294834
    0.98927287834264110433     0.12129356378870594091
    0.98893843592513641649     0.12011922233984892450
    0.98859356650454577320     0.11902223792302354943
    0.98823794499533057500     0.11779646476418076384
    0.98787123617667138564     0.11632697172891316717
    0.98749309437647714294     0.11544665888782765228
    0.98710316314554313877     0.11401411759713590832
    0.98670107492154990325     0.11294331220360659396
    0.98628645068258657957     0.11187133662589714145
    0.98585889958987216186     0.11064301540035613447
    0.98541801861933764339     0.10934955351005840041
    0.98496339218172190844     0.10823033561483513809
    0.98449459173082343177     0.10710679578924217625
    0.98401117535953785964     0.10598498524291669054
    0.98351268738330199781     0.10466759352000992722
    0.98299865791054963360     0.10346591752382904017
    0.98246860239977640283     0.10242954286298340538
    0.98192202120279414856     0.10119441093316869362
    0.98135839909374622536     0.10007889871457871511
    0.98077720478343777266     0.09897474709781327318
    0.98017789041852498855     0.09779195487128203301
    0.97955989106508967179     0.09663690728976169486
    0.97892262417611408676     0.09548794739363486439
    0.97826548904235177684     0.09436291826626769241
    0.97758786622607940497     0.09318321909130404535
    0.97688911697719360561     0.09200166300761965232
    0.97616858263110362071     0.09080444736877807399
    0.97542558398785172979     0.08964279570849101320
    0.97465942067187705256     0.08853577148972566202
    0.97386937047181709737     0.08739665306050969917
    0.97305468865972755133     0.08628982443301472238
    0.97221460728907649340     0.08516203559685157909
    0.97134833447085211500     0.08405439538312259318
    0.97045505362710149377     0.08284279886120263225
    0.96953392272119653938     0.08174777740056587971
    0.96858407346410202443     0.08061650851896984271
    0.96760461049589707727     0.07947100592257611007
    0.96659461054177875372     0.07836028264459177217
    0.96555312154175176875     0.07721509517018110280
    0.96447916175318537668     0.07613614742618658726
    0.96337171882538896739     0.07497820849118179420
    0.96222974884533651885     0.07388179070593647868
    0.96105217535363884895     0.07271384241036106533
    0.95983788832983707451     0.07158475322079686787
    0.95858574314605948796     0.07051757048369802772
    0.95729455948805686205     0.06940809819559400073
    0.95596312024259866291     0.06827884740947415265
    0.95459017035018078889     0.06718752473468279918
    0.95317441562196447702     0.06605176776787309578
    0.95171452151983015888     0.06497916429862131416
    0.95020911189839685207     0.06388850116324529260
    0.94865676770782114691     0.06277445129206392360
    0.94705602565615287780     0.06171288817832515372
    0.94540537682998704305     0.06061607435154632573
    0.94370326527211123580     0.05950048252826584116
    0.94194808651480743666     0.05843946144703382473
    0.94013818606742727280     0.05733699007184595020
    0.93827185785681310737     0.05627104581574212533
    0.93634734261909580155     0.05523790949224046537
    0.93436282624135369446     0.05415632866205742635
    0.93231643805156827476     0.05309580050911659466
    0.93020624905526605453     0.05204670248714450553
    0.92803027011718264294     0.05099657416844594060
    0.92578645008623805523     0.04994073922005709543
    0.92347267386205134088     0.04889411257858789633
    0.92108676040117609674     0.04788380526830182671
    0.91862646066117603638     0.04684788115744636244
    0.91608945548060083386     0.04583462786366485076
    0.91347335339286672706     0.04480938892547913638
    0.91077568837197986351     0.04374620455477346709
    0.90799391750797675549     0.04272183327595778513
    0.90512541860989170761     0.04171082818446247148
    0.90216748773399102479     0.04072231626018466000
    0.89911733663494530777     0.03970098547003327732
    0.89597209013753420503     0.03871149065436742254
    0.89272878342641048821     0.03772333046787496730
    0.88938435925136460902     0.03674085457983594649
    0.88593566504545773199     0.03577051040854957453
    0.88237944995330563902     0.03481287946789576870
    0.87871236176671363438     0.03384687229954661675
    0.87493094376477142937     0.03289980446088295457
    0.87103163145543138768     0.03193955977289728715
    0.86701074921549903252     0.03096805698657692160
    0.86286450682586601779     0.03006575436228405354
    0.85858899589872195168     0.02914005063918784569
    0.85418018619337665598     0.02822709170440141843
    0.84963392181721952845     0.02731442466854473380
    0.84494591730823409570     0.02639964671972925767
    0.84011175359537848539     0.02549943650476789447
    0.83512687383301964505     0.02462181647407926666
    0.82998657910549633598     0.02374083959505584804
    0.82468602399776358425     0.02286068562937076942
    0.81922021202794159667     0.02200854502537459567
    0.81358399093746247566     0.02116819752225816698
    0.80777204783437839275     0.02032774444746228426
    0.80177890418524988547     0.01953438592799983109
    0.79559891065089716200     0.01873433633251197009
    0.78922624176114064554     0.01789384826689041988
    0.78265489042351732429     0.01716820048911033361
    0.77587866226079382770     0.01646070613709847349
    0.76889116977193572300     0.01571674043742780913
    0.76168582631103542990     0.01497110115051203047
    0.75425583987851763101     0.01418858633261229837
    0.74659420671877052555     0.01343990005046112775
    0.73869370471817041857     0.01254760363894521016
    0.73054688659727495814     0.01194421360151234207
    0.72214607289076460095     0.01136574682765649838
    0.71348334470852103895     0.01069975871891537186
    0.70455053627101493774     0.01005679691688348906
    0.69533922721196561589     0.00944820040165005905
    0.68584073464102068840     0.00868824698513187554
    0.67604610495897099476     0.00806406508328583703
    0.66594610541778709312     0.00747478052378496016
    0.65553121541751813162     0.00696311914547764928
    0.64479161753185376682     0.00640816518933724679
    0.63371718825388945184     0.00587175855087373848
    0.62229748845336485541     0.00536014786950084979
    0.61052175353638848954     0.00486744921787621125
    0.59837888329837096713     0.00440868566778591410
    0.58585743146059487962     0.00398046182703678305
    0.57294559488056839847     0.00357697123146268623
    0.55963120242598618503     0.00319072265105652033
    0.54590170350180777792     0.00283151622023574594
    0.53174415621964521428     0.00248349625636575195
    0.51714521519830192187     0.00217819218572896890
    0.50209111898396896478     0.00187103718098970942
    0.48656767707821146907     0.00159335923700833736
    0.47056025656152833392     0.00135301724169164823
    0.45405376829987043052     0.00111769421161162083
    0.43703265272111191386     0.00092073570803084738
    0.41948086514807381153     0.00072857506041948406
    0.40138186067427261694     0.00057249284520157775
    0.38271857856813085164     0.00043147968825166179
    0.36347342619095746041     0.00031577587559203948
    0.34362826241353661150     0.00021380696546797573
    0.33523899450039973402     0.00018193705501502586
    0.33465497431727142530     0.00017870410720869135
    0.33407069770376629503     0.00017647689515627464
    0.33348616465988434321     0.00017424715897497897
    0.33290137518562568086     0.00017205762399990259
    0.33231632928099030799     0.00016985572757385227
    0.33173102694597800255     0.00016759309281484748
    0.33114546818058898658     0.00016541594699446820
    0.33055965298482314907     0.00016397646526512903
    0.32997358135868060103     0.00016177874478950569
    0.32938725330216123144     0.00015969747262633703
    0.32880066881526504030     0.00015760222587043332
    0.32821382789799202762     0.00015548137657273251
    0.32762673055034241543     0.00015334463380469512
    0.32703937677231587067     0.00015062430280235188
    0.32645176656391250436     0.00014860333593162388
    0.32586389992513242753     0.00014620308837674543
    0.32527577685597552914     0.00014422780384297382
    0.32468739735644192024     0.00014219987400911202
    0.32409876142653137876     0.00014024538568475369
    0.32350986906624412676     0.00013830823472695580
    0.32316438051568285861     0.00013636665083102819
    0.32292072027558016423     0.00013638109987345698
    0.32233131505453938015     0.00013446244268163805
    0.32174165340312177452     0.00013257926196461837
    0.32115173532132734735     0.00013071506464133772
    0.32056156080915643170     0.00012886750684083193
    0.31997112986660847245     0.00012703089385648645
    0.31938044249368369165     0.00012521008330356831
    0.31878949869038220033     0.00012340108778592998
    0.31819829845670388746     0.00012206477512493580
    0.31760684179264875304     0.00012030389010442107
    0.31701512869821690810     0.00011806613568202455
    0.31642315917340824161     0.00011632863935441039
    0.31583093321822275357     0.00011459586742433669
    0.31523845083266066602     0.00011287467196887759
    0.31464571201672153489     0.00011117953693038034
    0.31405271677040580425     0.00010950745550545721
    0.31345946509371325206     0.00010785156368421978
    0.31286595698664376730     0.00010621894588393234
    0.31227219244919757202     0.00010453334733865804
    0.31167817148137466621     0.00010291987887696713
    0.31108389408317504987     0.00010130684209033612
    0.31048936025459850097     0.00009971232978461618
    0.30989456999564524153     0.00009813077460217522
    0.30929952330631516055     0.00009652070642312813
    0.30870422018660825803     0.00009495734880835676
    0.30810866063652453395     0.00009344069980150285
    0.30751284465606421037     0.00009193036768621793
    0.30691677224522695422     0.00009045520993277307
    0.30632044340401298754     0.00008895512844218921
    0.30572385813242219932     0.00008709726108563451
    0.30512701643045458955     0.00008563694462456935
    0.30452991829811015823     0.00008419749362111308
    0.30393256373538901638     0.00008264568413615793
    0.30333495274229105299     0.00008122754157617911
    0.30273708531881637906     0.00007982498936475279
    0.30213896146496488360     0.00007844277510102708
    0.30206249055265999015     0.00007810584201564368
    0.30154058118073667760     0.00007719429434634690
    0.30094194446613153904     0.00007582155928362361
    0.30034305132114957892     0.00007446188568888714
    0.29974390174579101931     0.00007311955105710234
    0.29914449574005552712     0.00007178284050089327
    0.29854483330394343543     0.00007047469612260108
    0.29794491443745430015     0.00006917225782470524
    0.29734473914058856536     0.00006788824465132323
    0.29674430741334600903     0.00006661656506197010
    0.29614361925572663115     0.00006540764474487302
    0.29554267466773054274     0.00006416530701708142
    0.29494147364935752176     0.00006293704703720692
    0.29434001620060790128     0.00006172112348226962
    0.29373830232148134822     0.00006052091491659127
    0.29313633201197808464     0.00005943530690025880
    0.29253410527209799952     0.00005827063094116727
    0.29193162210184120386     0.00005711854896579644
    0.29132888250120758666     0.00005596697777723639
    0.29072588647019714791     0.00005483510165569376
    0.29012263400881010966     0.00005373431206332272
    0.28951912511704602782     0.00005263600178273172
    0.28891535979490523545     0.00005154983527354659
    0.28831133804238773255     0.00005048372046142209
    0.28770705985949340810     0.00004943057859653291
    0.28710252524622226211     0.00004838391953339695
    0.28649773420257429457     0.00004735712544487598
    0.28589268672854961650     0.00004634670468917371
    0.28528738282414811689     0.00004534116639214661
    0.28468182248936990675     0.00004435846789971120
    0.28407600572421476404     0.00004338186249781361
    0.28346993252868291080     0.00004242526580645493
    0.28286360290277434704     0.00004148172347141621
    0.28225701684648885070     0.00004055088408697343
    0.28165017435982664384     0.00003961871039270636
    0.28104307544278772646     0.00003870792021001869
    0.28043572009537198753     0.00003784158012173993
    0.28030270117182654044     0.00003746260596066794
    0.27982810831757931602     0.00003696145715152338
    0.27922024010941004502     0.00003609116638881655
    0.27861211547086384144     0.00003523114865676311
    0.27800373440194092733     0.00003438091729823056
    0.27739509690264130271     0.00003354404867724996
    0.27678620297296474551     0.00003272492519312583
    0.27617705261291147778     0.00003191512880134644
    0.27556764582248149953     0.00003112009069490371
    0.27495798260167469973     0.00003032498407172354
    0.27434806295049107838     0.00002953575467175591
    0.27373788686893063549     0.00002877728683122915
    0.27312745435699348207     0.00002802211196098388
    0.27251676541467939607     0.00002728783331619090
    0.27190582004198871058     0.00002654167529799179
    0.27129461823892109251     0.00002580136034411076
    0.27068316000547687494     0.00002509679376362969
    0.27007144534165572480     0.00002440818515251429
    0.26945947424745775312     0.00002373041378565746
    0.26884724672288307090     0.00002306439324223461
    0.26823476276793156714     0.00002240088092956288
    0.26762202238260335285     0.00002176061599990706
    0.26700902556689831702     0.00002113192312220609
    0.26639577232081645963     0.00002050618744217789
    0.26578226264435789172     0.00001989049020830421
    0.26516849653752239124     0.00001929203824111437
    0.26455447400031029126     0.00001871010023415388
    0.26394019503272125871     0.00001814509049947161
    0.26332565963475551563     0.00001758006002976052
    0.26271086780641295100     0.00001702390464291297
    0.26209581954769367584     0.00001647655901584656
    0.26148051485859746812     0.00001594067813011390
    0.26086495373912488294     0.00001541521117174249
    0.26024913618927514314     0.00001489668089785840
    0.25963306220904869281     0.00001439303519748203
    0.25901673179844542094     0.00001389496982419858
    0.25840014495746532752     0.00001341818879546111
    0.25786450086238066337     0.00001328160825179295
    0.25778330168610852358     0.00001294388483344388
    0.25716620198437489808     0.00001247958598543104
    0.25654884585226456206     0.00001202607572804990
    0.25593123328977740449     0.00001158236287585692
    0.25531336429691342538     0.00001114800576630132
    0.25469523887367262471     0.00001070415879938934
    0.25407685702005511352     0.00001028646547392492
    0.25345821873606078078     0.00000987333428587949
    0.25283932402168973752     0.00000948055295081555
    0.25222017287694176169     0.00000910358666248388
    0.25160076530181707533     0.00000872953110014139
    0.25098110129631567844     0.00000836162157999817
    0.25036118086043734898     0.00000800744023457851
    0.24974100399418242002     0.00000766190714188594
    0.24912057069755055849     0.00000732804888714890
    0.24849988097054198644     0.00000700174436929797
    0.24787893481315648181     0.00000668849376269740
    0.24725773222539437768     0.00000637074241135954
    0.24663627320725545200     0.00000606950361917382
    0.24601455775873970477     0.00000577881805895653
    0.24539258587984713600     0.00000549570247565712
    0.24477035757057785670     0.00000522138855219354
    0.24414787283093175585     0.00000493906723252016
    0.24352513166090894448     0.00000468282452182225
    0.24290213406050920053     0.00000443337935101705
    0.24227888002973274606     0.00000419129865932699
    0.24165536956857947004     0.00000395798412910084
    0.24103160267704948350     0.00000372840499753583
    0.24040757935514267540     0.00000350952167784416
    0.23978329960285904576     0.00000329861886484750
    0.23915876342019870560     0.00000309701752150914
    0.23853397080716154388     0.00000290213748601966
    0.23790892176374756062     0.00000271209464681011
    0.23728361628995686683     0.00000253285396183637
    0.23665805438578935149     0.00000236075941130752
    0.23603223605124501461     0.00000219616826110659
    0.23540616128632396720     0.00000204008474054671
    0.23477983009102609824     0.00000188882988868284
    0.23472673862051318672     0.00000184636962990373
    0.23415324246535140773     0.00000174371588488744
    0.23352639840929989568     0.00000160648490963487
    0.23289929792287167309     0.00000147462450812643
    0.23227194100606662897     0.00000134966879233868
    0.23164432765888487431     0.00000123454679062153
    0.23101645788132629811     0.00000112421647301838
    0.23038833167339090036     0.00000101962636597543
    0.22975994903507879208     0.00000091671279429794
    0.22913130996638975123     0.00000083185916772267
    0.22850241446732411088     0.00000073831381268099
    0.22787326253788153796     0.00000066035773467052
    0.22724385417806247656     0.00000058636463336567
    0.22661418938786626054     0.00000051638000090942
    0.22598426816729344502     0.00000044778351779202
    0.22535409051634380795     0.00000038744630627467
    0.22472365643501746035     0.00000033396884135346
    0.22409296592331406917     0.00000028382980168054
    0.22346201898123407847     0.00000023823439002178
    0.22283081560877737726     0.00000019806435598658
    0.22219935580594374347     0.00000016335814081457
    0.22156763957273339916     0.00000013124151767826
    0.22093566690914623329     0.00000010342606070971
    0.22030343781518224588     0.00000007954667406644
    0.21967095229084154795     0.00000005917914314457
    0.21903821033612413949     0.00000004246915227425
    0.21840521195102979846     0.00000002880208764640
    0.21777195713555874690     0.00000001829235298270
    0.21713844588971087379     0.00000001046635395121
    0.21650467821348617914     0.00000000510075728088
    0.21587065410688477396     0.00000000185042227488
    0.21523637356990654723     0.00000000032746916819
