       x      Css
    0.00000000000000000000     1.00000000000000000000
    0.00200000000000000004     0.99802900000000005498
    0.00400000000000000008     0.99605999999999994543
    0.00600000000000000012     0.99409099999999994690
    0.00800000000000000017     0.99212400000000000588
    0.01000000000000000021     0.99015799999999998260
    0.01200000000000000025     0.98819299999999998807
    0.01400000000000000029     0.98622900000000002230
    0.01600000000000000033     0.98426700000000000301
    0.01799999999999999864     0.98230600000000001248
    0.02000000000000000042     0.98034600000000005071
    0.02199999999999999872     0.97838800000000003543
    0.02400000000000000050     0.97643100000000004890
    0.02599999999999999881     0.97447499999999998010
    0.02800000000000000058     0.97252099999999996882
    0.02999999999999999889     0.97056799999999998629
    0.03200000000000000067     0.96861600000000003252
    0.03400000000000000244     0.96666600000000002524
    0.03599999999999999728     0.96471700000000004671
    0.03799999999999999906     0.96277000000000001467
    0.04000000000000000083     0.96082400000000001139
    0.04200000000000000261     0.95887999999999995460
    0.04399999999999999745     0.95693799999999995531
    0.04599999999999999922     0.95499599999999995603
    0.04800000000000000100     0.95305700000000004302
    0.05000000000000000278     0.95111900000000004773
    0.05199999999999999761     0.94918199999999997019
    0.05399999999999999939     0.94724799999999997890
    0.05600000000000000117     0.94531399999999998762
    0.05800000000000000294     0.94338299999999997159
    0.05999999999999999778     0.94145299999999998430
    0.06199999999999999956     0.93952400000000002578
    0.06400000000000000133     0.93759800000000004250
    0.06600000000000000311     0.93567299999999997695
    0.06800000000000000488     0.93374999999999996891
    0.07000000000000000666     0.93182799999999998963
    0.07199999999999999456     0.92990899999999998560
    0.07399999999999999634     0.92799100000000001032
    0.07599999999999999811     0.92607499999999998153
    0.07799999999999999989     0.92415999999999998149
    0.08000000000000000167     0.92224799999999995670
    0.08200000000000000344     0.92033699999999996066
    0.08400000000000000522     0.91842800000000002214
    0.08599999999999999312     0.91652100000000003011
    0.08799999999999999489     0.91461599999999998456
    0.08999999999999999667     0.91271199999999996777
    0.09199999999999999845     0.91081100000000003725
    0.09400000000000000022     0.90891200000000005321
    0.09600000000000000200     0.90701399999999998691
    0.09800000000000000377     0.90511799999999997812
    0.10000000000000000555     0.90322499999999994458
    0.10199999999999999345     0.90133300000000005081
    0.10399999999999999523     0.89944299999999999251
    0.10599999999999999700     0.89755600000000002048
    0.10799999999999999878     0.89566999999999996618
    0.11000000000000000056     0.89378599999999996939
    0.11200000000000000233     0.89190400000000003011
    0.11400000000000000411     0.89002499999999995506
    0.11600000000000000588     0.88814700000000001978
    0.11799999999999999378     0.88627199999999994873
    0.11999999999999999556     0.88439900000000004621
    0.12199999999999999734     0.88252699999999995040
    0.12399999999999999911     0.88065800000000005188
    0.12600000000000000089     0.87879099999999998882
    0.12800000000000000266     0.87692599999999998328
    0.13000000000000000444     0.87506399999999995298
    0.13200000000000000622     0.87320299999999995144
    0.13400000000000000799     0.87134500000000003617
    0.13600000000000000977     0.86948899999999995636
    0.13800000000000001155     0.86763500000000004508
    0.14000000000000001332     0.86578299999999996928
    0.14199999999999998734     0.86393399999999997974
    0.14399999999999998912     0.86208700000000004771
    0.14599999999999999090     0.86024199999999995114
    0.14799999999999999267     0.85839900000000002311
    0.14999999999999999445     0.85655899999999995931
    0.15199999999999999623     0.85472099999999995301
    0.15399999999999999800     0.85288500000000000423
    0.15599999999999999978     0.85105200000000003069
    0.15800000000000000155     0.84922100000000000364
    0.16000000000000000333     0.84739200000000003410
    0.16200000000000000511     0.84556600000000003980
    0.16400000000000000688     0.84374199999999999200
    0.16600000000000000866     0.84192000000000000171
    0.16800000000000001044     0.84010099999999998666
    0.17000000000000001221     0.83828400000000002912
    0.17199999999999998623     0.83647000000000004682
    0.17399999999999998801     0.83465800000000001102
    0.17599999999999998979     0.83284899999999995046
    0.17799999999999999156     0.83104199999999994741
    0.17999999999999999334     0.82923700000000000188
    0.18199999999999999512     0.82743599999999994932
    0.18399999999999999689     0.82563600000000003654
    0.18599999999999999867     0.82383899999999998798
    0.18800000000000000044     0.82204500000000002569
    0.19000000000000000222     0.82025300000000000988
    0.19200000000000000400     0.81846300000000005159
    0.19400000000000000577     0.81667699999999998628
    0.19600000000000000755     0.81489199999999994972
    0.19800000000000000933     0.81311100000000002819
    0.20000000000000001110     0.81133200000000005314
    0.20200000000000001288     0.80955500000000002458
    0.20399999999999998690     0.80778099999999997127
    0.20599999999999998868     0.80601000000000000423
    0.20799999999999999045     0.80424099999999998367
    0.20999999999999999223     0.80247500000000004938
    0.21199999999999999400     0.80071199999999997932
    0.21399999999999999578     0.79895199999999999552
    0.21599999999999999756     0.79719399999999995821
    0.21799999999999999933     0.79543799999999997841
    0.22000000000000000111     0.79368600000000000261
    0.22200000000000000289     0.79193599999999997330
    0.22400000000000000466     0.79018900000000003025
    0.22600000000000000644     0.78844400000000003370
    0.22800000000000000822     0.78670300000000004115
    0.23000000000000000999     0.78496399999999999508
    0.23200000000000001177     0.78322800000000003529
    0.23400000000000001354     0.78149400000000002198
    0.23599999999999998757     0.77976400000000001267
    0.23799999999999998934     0.77803599999999994985
    0.23999999999999999112     0.77631099999999997330
    0.24199999999999999289     0.77458899999999997199
    0.24399999999999999467     0.77286999999999994593
    0.24599999999999999645     0.77115299999999997738
    0.24799999999999999822     0.76944000000000001283
    0.25000000000000000000     0.76772899999999999476
    0.25200000000000000178     0.76602099999999995195
    0.25400000000000000355     0.76431599999999999540
    0.25600000000000000533     0.76261400000000001409
    0.25800000000000000711     0.76091399999999997927
    0.26000000000000000888     0.75921799999999994846
    0.26200000000000001066     0.75752500000000000391
    0.26400000000000001243     0.75583400000000000585
    0.26600000000000001421     0.75414700000000001179
    0.26800000000000001599     0.75246199999999996422
    0.27000000000000001776     0.75078000000000000291
    0.27200000000000001954     0.74910200000000004561
    0.27400000000000002132     0.74742600000000003480
    0.27600000000000002309     0.74575299999999999923
    0.27800000000000002487     0.74408300000000004992
    0.28000000000000002665     0.74241699999999999360
    0.28199999999999997291     0.74075299999999999478
    0.28399999999999997469     0.73909199999999997122
    0.28599999999999997646     0.73743400000000003391
    0.28799999999999997824     0.73577999999999998959
    0.28999999999999998002     0.73412800000000000278
    0.29199999999999998179     0.73248000000000001997
    0.29399999999999998357     0.73083399999999998364
    0.29599999999999998535     0.72919199999999995132
    0.29799999999999998712     0.72755300000000000527
    0.29999999999999998890     0.72591600000000000570
    0.30199999999999999067     0.72428300000000001013
    0.30399999999999999245     0.72265299999999998981
    0.30599999999999999423     0.72102699999999997349
    0.30799999999999999600     0.71940300000000001468
    0.30999999999999999778     0.71778200000000003111
    0.31199999999999999956     0.71616500000000005155
    0.31400000000000000133     0.71455100000000004723
    0.31600000000000000311     0.71294000000000001815
    0.31800000000000000488     0.71133199999999996432
    0.32000000000000000666     0.70972699999999999676
    0.32200000000000000844     0.70812500000000000444
    0.32400000000000001021     0.70652700000000001612
    0.32600000000000001199     0.70493200000000000305
    0.32800000000000001377     0.70333999999999996522
    0.33000000000000001554     0.70175100000000001366
    0.33200000000000001732     0.70016599999999995507
    0.33400000000000001910     0.69858399999999998276
    0.33600000000000002087     0.69700499999999998568
    0.33800000000000002265     0.69542899999999996385
    0.34000000000000002442     0.69385699999999994603
    0.34200000000000002620     0.69228800000000001447
    0.34399999999999997247     0.69072199999999994713
    0.34599999999999997424     0.68915999999999999481
    0.34799999999999997602     0.68759999999999998899
    0.34999999999999997780     0.68604500000000001592
    0.35199999999999997957     0.68449199999999998933
    0.35399999999999998135     0.68294299999999996675
    0.35599999999999998312     0.68139700000000003044
    0.35799999999999998490     0.67985399999999995835
    0.35999999999999998668     0.67831500000000000128
    0.36199999999999998845     0.67677900000000001945
    0.36399999999999999023     0.67524700000000004163
    0.36599999999999999201     0.67371800000000003905
    0.36799999999999999378     0.67219200000000001172
    0.36999999999999999556     0.67066999999999998838
    0.37199999999999999734     0.66915100000000005132
    0.37399999999999999911     0.66763600000000000723
    0.37600000000000000089     0.66612400000000004940
    0.37800000000000000266     0.66461499999999995580
    0.38000000000000000444     0.66310999999999997723
    0.38200000000000000622     0.66160900000000000265
    0.38400000000000000799     0.66010999999999997456
    0.38600000000000000977     0.65861599999999997923
    0.38800000000000001155     0.65712400000000004141
    0.39000000000000001332     0.65563700000000002532
    0.39200000000000001510     0.65415199999999995573
    0.39400000000000001688     0.65267200000000002991
    0.39600000000000001865     0.65119400000000005058
    0.39800000000000002043     0.64972099999999999298
    0.40000000000000002220     0.64824999999999999289
    0.40200000000000002398     0.64678400000000002557
    0.40400000000000002576     0.64532000000000000473
    0.40600000000000002753     0.64386100000000001664
    0.40799999999999997380     0.64240500000000000380
    0.40999999999999997558     0.64095199999999996621
    0.41199999999999997735     0.63950300000000004363
    0.41399999999999997913     0.63805800000000001404
    0.41599999999999998090     0.63661599999999995969
    0.41799999999999998268     0.63517800000000002036
    0.41999999999999998446     0.63374299999999994526
    0.42199999999999998623     0.63231199999999998518
    0.42399999999999998801     0.63088500000000002910
    0.42599999999999998979     0.62946100000000004826
    0.42799999999999999156     0.62804099999999996040
    0.42999999999999999334     0.62662399999999995881
    0.43199999999999999512     0.62521099999999996122
    0.43399999999999999689     0.62380199999999996763
    0.43599999999999999867     0.62239699999999997804
    0.43800000000000000044     0.62099499999999996369
    0.44000000000000000222     0.61959600000000003561
    0.44200000000000000400     0.61820200000000002927
    0.44400000000000000577     0.61681099999999999817
    0.44600000000000000755     0.61542399999999997107
    0.44800000000000000933     0.61404099999999994797
    0.45000000000000001110     0.61266100000000001113
    0.45200000000000001288     0.61128499999999996728
    0.45400000000000001465     0.60991300000000003845
    0.45600000000000001643     0.60854399999999997384
    0.45800000000000001821     0.60717900000000002425
    0.46000000000000001998     0.60581799999999996764
    0.46200000000000002176     0.60446100000000002606
    0.46400000000000002354     0.60310699999999994869
    0.46600000000000002531     0.60175800000000001511
    0.46800000000000002709     0.60041199999999994574
    0.46999999999999997335     0.59906999999999999140
    0.47199999999999997513     0.59773100000000001231
    0.47399999999999997691     0.59639699999999995494
    0.47599999999999997868     0.59506599999999998385
    0.47799999999999998046     0.59373900000000001675
    0.47999999999999998224     0.59241600000000005366
    0.48199999999999998401     0.59109699999999998354
    0.48399999999999998579     0.58978099999999999969
    0.48599999999999998757     0.58847000000000004860
    0.48799999999999998934     0.58716199999999996173
    0.48999999999999999112     0.58585799999999998988
    0.49199999999999999289     0.58455800000000002203
    0.49399999999999999467     0.58326199999999994716
    0.49599999999999999645     0.58196999999999998732
    0.49799999999999999822     0.58068100000000000271
    0.50000000000000000000     0.57939700000000005087
    0.50200000000000000178     0.57811699999999999200
    0.50400000000000000355     0.57684000000000001940
    0.50600000000000000533     0.57556700000000005080
    0.50800000000000000711     0.57429799999999997517
    0.51000000000000000888     0.57303400000000004333
    0.51200000000000001066     0.57177299999999997571
    0.51400000000000001243     0.57051600000000002311
    0.51600000000000001421     0.56926299999999996349
    0.51800000000000001599     0.56801400000000001889
    0.52000000000000001776     0.56676899999999996727
    0.52200000000000001954     0.56552800000000003067
    0.52400000000000002132     0.56429099999999998705
    0.52600000000000002309     0.56305799999999994743
    0.52800000000000002487     0.56182900000000002283
    0.53000000000000002665     0.56060399999999999121
    0.53200000000000002842     0.55938299999999996359
    0.53400000000000003020     0.55816600000000005100
    0.53600000000000003197     0.55695300000000003138
    0.53800000000000003375     0.55574400000000001576
    0.54000000000000003553     0.55453900000000000414
    0.54200000000000003730     0.55333799999999999653
    0.54400000000000003908     0.55214099999999999291
    0.54600000000000004086     0.55094900000000002205
    0.54800000000000004263     0.54976000000000002643
    0.55000000000000004441     0.54857599999999995255
    0.55200000000000004619     0.54739499999999996493
    0.55400000000000004796     0.54621900000000001008
    0.55600000000000004974     0.54504699999999994819
    0.55800000000000005151     0.54387900000000000134
    0.56000000000000005329     0.54271499999999994746
    0.56200000000000005507     0.54155500000000000860
    0.56399999999999994582     0.54039899999999996272
    0.56599999999999994760     0.53924799999999994959
    0.56799999999999994937     0.53810000000000002274
    0.56999999999999995115     0.53695700000000001761
    0.57199999999999995293     0.53581800000000001649
    0.57399999999999995470     0.53468300000000001937
    0.57599999999999995648     0.53355300000000005500
    0.57799999999999995826     0.53242599999999995486
    0.57999999999999996003     0.53130399999999999849
    0.58199999999999996181     0.53018600000000004613
    0.58399999999999996358     0.52907199999999998674
    0.58599999999999996536     0.52796200000000004238
    0.58799999999999996714     0.52685700000000001975
    0.58999999999999996891     0.52575600000000000112
    0.59199999999999997069     0.52465899999999998649
    0.59399999999999997247     0.52356599999999997586
    0.59599999999999997424     0.52247799999999999798
    0.59799999999999997602     0.52139299999999999535
    0.59999999999999997780     0.52031400000000005424
    0.60199999999999997957     0.51923799999999997734
    0.60399999999999998135     0.51816700000000004422
    0.60599999999999998312     0.51710000000000000409
    0.60799999999999998490     0.51603699999999996795
    0.60999999999999998668     0.51497899999999996457
    0.61199999999999998845     0.51392499999999996518
    0.61399999999999999023     0.51287499999999996980
    0.61599999999999999201     0.51183000000000000718
    0.61799999999999999378     0.51078900000000004855
    0.61999999999999999556     0.50975199999999998290
    0.62199999999999999734     0.50871999999999995001
    0.62399999999999999911     0.50769200000000003214
    0.62600000000000000089     0.50666800000000000725
    0.62800000000000000266     0.50564900000000001512
    0.63000000000000000444     0.50463400000000002699
    0.63200000000000000622     0.50362399999999996059
    0.63400000000000000799     0.50261800000000000921
    0.63600000000000000977     0.50161699999999997956
    0.63800000000000001155     0.50061999999999995392
    0.64000000000000001332     0.49962699999999998779
    0.64200000000000001510     0.49863899999999999890
    0.64400000000000001688     0.49765500000000001402
    0.64600000000000001865     0.49667600000000000637
    0.64800000000000002043     0.49570100000000000273
    0.65000000000000002220     0.49473099999999997634
    0.65200000000000002398     0.49376500000000000945
    0.65400000000000002576     0.49280400000000001981
    0.65600000000000002753     0.49184699999999997866
    0.65800000000000002931     0.49089500000000002577
    0.66000000000000003109     0.48994700000000002138
    0.66200000000000003286     0.48900399999999999423
    0.66400000000000003464     0.48806500000000002659
    0.66600000000000003642     0.48713099999999998069
    0.66800000000000003819     0.48620099999999999429
    0.67000000000000003997     0.48527599999999998515
    0.67200000000000004174     0.48435600000000000875
    0.67400000000000004352     0.48343999999999998085
    0.67600000000000004530     0.48252800000000001246
    0.67800000000000004707     0.48162199999999999456
    0.68000000000000004885     0.48071999999999998066
    0.68200000000000005063     0.47982200000000002627
    0.68400000000000005240     0.47892899999999999361
    0.68600000000000005418     0.47804099999999999371
    0.68799999999999994493     0.47715800000000002656
    0.68999999999999994671     0.47627900000000000791
    0.69199999999999994849     0.47540500000000002201
    0.69399999999999995026     0.47453499999999998460
    0.69599999999999995204     0.47366999999999997994
    0.69799999999999995381     0.47281000000000000805
    0.69999999999999995559     0.47195500000000001339
    0.70199999999999995737     0.47110400000000002274
    0.70399999999999995914     0.47025800000000000933
    0.70599999999999996092     0.46941699999999997317
    0.70799999999999996270     0.46857999999999999652
    0.70999999999999996447     0.46774799999999999711
    0.71199999999999996625     0.46692099999999997495
    0.71399999999999996803     0.46609899999999998554
    0.71599999999999996980     0.46528100000000000014
    0.71799999999999997158     0.46446900000000002073
    0.71999999999999997335     0.46366099999999998982
    0.72199999999999997513     0.46285799999999999166
    0.72399999999999997691     0.46205899999999999750
    0.72599999999999997868     0.46126600000000000934
    0.72799999999999998046     0.46047700000000002518
    0.72999999999999998224     0.45969399999999999151
    0.73199999999999998401     0.45891500000000001736
    0.73399999999999998579     0.45814100000000002044
    0.73599999999999998757     0.45737100000000002753
    0.73799999999999998934     0.45660699999999998511
    0.73999999999999999112     0.45584799999999997544
    0.74199999999999999289     0.45509300000000002528
    0.74399999999999999467     0.45434400000000002562
    0.74599999999999999645     0.45359899999999997444
    0.74799999999999999822     0.45285900000000001153
    0.75000000000000000000     0.45212499999999999911
    0.75200000000000000178     0.45139499999999999069
    0.75400000000000000355     0.45067000000000001503
    0.75600000000000000533     0.44995000000000001661
    0.75800000000000000711     0.44923600000000002419
    0.76000000000000000888     0.44852599999999998026
    0.76200000000000001066     0.44782100000000002460
    0.76400000000000001243     0.44712099999999999067
    0.76600000000000001421     0.44642700000000001825
    0.76800000000000001599     0.44573699999999999433
    0.77000000000000001776     0.44505200000000000315
    0.77200000000000001954     0.44437300000000001798
    0.77400000000000002132     0.44369799999999998130
    0.77600000000000002309     0.44302900000000000613
    0.77800000000000002487     0.44236500000000000821
    0.78000000000000002665     0.44170500000000001428
    0.78200000000000002842     0.44105100000000002636
    0.78400000000000003020     0.44040299999999998892
    0.78600000000000003197     0.43975900000000001100
    0.78800000000000003375     0.43912000000000001032
    0.79000000000000003553     0.43848700000000001564
    0.79200000000000003730     0.43785899999999999821
    0.79400000000000003908     0.43723600000000001353
    0.79600000000000004086     0.43661800000000000610
    0.79800000000000004263     0.43600600000000000467
    0.80000000000000004441     0.43539800000000000724
    0.80200000000000004619     0.43479600000000001581
    0.80400000000000004796     0.43419900000000000162
    0.80600000000000004974     0.43360799999999999343
    0.80800000000000005151     0.43302200000000001801
    0.81000000000000005329     0.43244100000000001982
    0.81200000000000005507     0.43186499999999999888
    0.81399999999999994582     0.43129499999999998394
    0.81599999999999994760     0.43073000000000000176
    0.81799999999999994937     0.43016999999999999682
    0.81999999999999995115     0.42961599999999999788
    0.82199999999999995293     0.42906699999999997619
    0.82399999999999995470     0.42852400000000001601
    0.82599999999999995648     0.42798599999999997756
    0.82799999999999995826     0.42745300000000002738
    0.82999999999999996003     0.42692600000000002769
    0.83199999999999996181     0.42640400000000000524
    0.83399999999999996358     0.42588799999999998880
    0.83599999999999996536     0.42537700000000000511
    0.83799999999999996714     0.42487200000000002742
    0.83999999999999996891     0.42437200000000002698
    0.84199999999999997069     0.42387799999999997702
    0.84399999999999997247     0.42338900000000001533
    0.84599999999999997424     0.42290600000000000414
    0.84799999999999997602     0.42242800000000002569
    0.84999999999999997780     0.42195599999999999774
    0.85199999999999997957     0.42148999999999997579
    0.85399999999999998135     0.42102899999999998659
    0.85599999999999998312     0.42057400000000000340
    0.85799999999999998490     0.42012399999999999745
    0.85999999999999998668     0.41967999999999999750
    0.86199999999999998845     0.41924200000000000355
    0.86399999999999999023     0.41880899999999998684
    0.86599999999999999201     0.41838199999999997614
    0.86799999999999999378     0.41796100000000002694
    0.86999999999999999556     0.41754499999999999948
    0.87199999999999999734     0.41713600000000000678
    0.87399999999999999911     0.41673199999999999132
    0.87600000000000000089     0.41633300000000000862
    0.87800000000000000266     0.41594100000000000517
    0.88000000000000000444     0.41555399999999997895
    0.88200000000000000622     0.41517300000000001425
    0.88400000000000000799     0.41479800000000000004
    0.88600000000000000977     0.41442899999999999183
    0.88800000000000001155     0.41406599999999998962
    0.89000000000000001332     0.41370899999999999341
    0.89200000000000001510     0.41335699999999997445
    0.89400000000000001688     0.41301199999999999024
    0.89600000000000001865     0.41267199999999998328
    0.89800000000000002043     0.41233900000000001107
    0.90000000000000002220     0.41201100000000001611
    0.90200000000000002398     0.41168900000000002715
    0.90400000000000002576     0.41137400000000001743
    0.90600000000000002753     0.41106399999999998496
    0.90800000000000002931     0.41076000000000001400
    0.91000000000000003109     0.41046300000000002228
    0.91200000000000003286     0.41017100000000000781
    0.91400000000000003464     0.40988599999999997259
    0.91600000000000003642     0.40960699999999999887
    0.91800000000000003819     0.40933399999999997565
    0.92000000000000003997     0.40906700000000001394
    0.92200000000000004174     0.40880600000000000271
    0.92400000000000004352     0.40855099999999999749
    0.92600000000000004530     0.40830300000000002703
    0.92800000000000004707     0.40806100000000000705
    0.93000000000000004885     0.40782499999999999307
    0.93200000000000005063     0.40759600000000001385
    0.93400000000000005240     0.40737200000000001188
    0.93600000000000005418     0.40715499999999998915
    0.93799999999999994493     0.40694500000000000117
    0.93999999999999994671     0.40673999999999999044
    0.94199999999999994849     0.40654200000000001447
    0.94399999999999995026     0.40635100000000001774
    0.94599999999999995204     0.40616600000000002701
    0.94799999999999995381     0.40598699999999998678
    0.94999999999999995559     0.40581499999999998129
    0.95199999999999995737     0.40564899999999998181
    0.95399999999999995914     0.40549000000000001709
    0.95599999999999996092     0.40533700000000000285
    0.95799999999999996270     0.40519100000000002337
    0.95999999999999996447     0.40505099999999999438
    0.96199999999999996625     0.40491800000000000015
    0.96399999999999996803     0.40479199999999998516
    0.96599999999999996980     0.40467199999999997617
    0.96799999999999997158     0.40455900000000000194
    0.96999999999999997335     0.40445199999999997820
    0.97199999999999997513     0.40435199999999998921
    0.97399999999999997691     0.40425899999999997947
    0.97599999999999997868     0.40417300000000000448
    0.97799999999999998046     0.40409299999999997999
    0.97999999999999998224     0.40401999999999999025
    0.98199999999999998401     0.40395500000000000851
    0.98399999999999998579     0.40389500000000000401
    0.98599999999999998757     0.40384300000000000752
    0.98799999999999998934     0.40379799999999999027
    0.98999999999999999112     0.40375899999999997902
    0.99199999999999999289     0.40372799999999997578
    0.99399999999999999467     0.40370299999999997853
    0.99599999999999999645     0.40368599999999998929
    0.99799999999999999822     0.40367500000000000604
    1.00000000000000000000     0.40367199999999997528
    1.00200000000000000178     0.40367500000000000604
