       x      Css
    0.00000000000000000000     1.00000000000000000000
    0.00200000000000000004     0.99748800000000004129
    0.00400000000000000008     0.99498699999999995480
    0.00600000000000000012     0.99249699999999996258
    0.00800000000000000017     0.99001600000000000712
    0.01000000000000000021     0.98754600000000003490
    0.01200000000000000025     0.98508700000000004593
    0.01400000000000000029     0.98263699999999998269
    0.01600000000000000033     0.98019800000000001372
    0.01799999999999999864     0.97776899999999999924
    0.02000000000000000042     0.97535000000000005027
    0.02199999999999999872     0.97294099999999994477
    0.02400000000000000050     0.97054300000000004456
    0.02599999999999999881     0.96815399999999995906
    0.02800000000000000058     0.96577500000000005009
    0.02999999999999999889     0.96340700000000001335
    0.03200000000000000067     0.96104800000000001337
    0.03400000000000000244     0.95869899999999996787
    0.03599999999999999728     0.95635999999999998789
    0.03799999999999999906     0.95403000000000004466
    0.04000000000000000083     0.95171099999999997365
    0.04200000000000000261     0.94940100000000005043
    0.04399999999999999745     0.94710099999999997067
    0.04599999999999999922     0.94481000000000003869
    0.04800000000000000100     0.94252899999999995018
    0.05000000000000000278     0.94025800000000003820
    0.05199999999999999761     0.93799600000000005195
    0.05399999999999999939     0.93574400000000002020
    0.05600000000000000117     0.93350100000000002520
    0.05800000000000000294     0.93126699999999995594
    0.05999999999999999778     0.92904299999999995219
    0.06199999999999999956     0.92682900000000001395
    0.06400000000000000133     0.92462299999999997269
    0.06600000000000000311     0.92242699999999999694
    0.06800000000000000488     0.92023999999999994692
    0.07000000000000000666     0.91806200000000004469
    0.07199999999999999456     0.91589399999999998592
    0.07399999999999999634     0.91373400000000004617
    0.07599999999999999811     0.91158399999999994989
    0.07799999999999999989     0.90944300000000000139
    0.08000000000000000167     0.90731099999999997863
    0.08200000000000000344     0.90518699999999996386
    0.08400000000000000522     0.90307300000000001461
    0.08599999999999999312     0.90096799999999999109
    0.08799999999999999489     0.89887200000000000433
    0.08999999999999999667     0.89678400000000002557
    0.09199999999999999845     0.89470499999999997254
    0.09400000000000000022     0.89263499999999995627
    0.09600000000000000200     0.89057399999999997675
    0.09800000000000000377     0.88852200000000003399
    0.10000000000000000555     0.88647799999999998821
    0.10199999999999999345     0.88444299999999997919
    0.10399999999999999523     0.88241700000000000692
    0.10599999999999999700     0.88039900000000004265
    0.10799999999999999878     0.87839000000000000412
    0.11000000000000000056     0.87638899999999997359
    0.11200000000000000233     0.87439699999999997981
    0.11400000000000000411     0.87241299999999999404
    0.11600000000000000588     0.87043800000000004502
    0.11799999999999999378     0.86847099999999999298
    0.11999999999999999556     0.86651199999999994894
    0.12199999999999999734     0.86456200000000005268
    0.12399999999999999911     0.86262000000000005340
    0.12600000000000000089     0.86068699999999997985
    0.12800000000000000266     0.85876099999999999657
    0.13000000000000000444     0.85684400000000005004
    0.13200000000000000622     0.85493500000000000050
    0.13400000000000000799     0.85303499999999998771
    0.13600000000000000977     0.85114199999999995416
    0.13800000000000001155     0.84925799999999995737
    0.14000000000000001332     0.84738100000000005085
    0.14199999999999998734     0.84551299999999995904
    0.14399999999999998912     0.84365299999999998626
    0.14599999999999999090     0.84179999999999999272
    0.14799999999999999267     0.83995600000000003593
    0.14999999999999999445     0.83811999999999997613
    0.15199999999999999623     0.83629100000000000659
    0.15399999999999999800     0.83447099999999996278
    0.15599999999999999978     0.83265800000000000924
    0.15800000000000000155     0.83085299999999995268
    0.16000000000000000333     0.82905600000000001515
    0.16200000000000000511     0.82726599999999994584
    0.16400000000000000688     0.82548500000000002430
    0.16600000000000000866     0.82371099999999997099
    0.16800000000000001044     0.82194400000000000794
    0.17000000000000001221     0.82018599999999997063
    0.17199999999999998623     0.81843500000000002359
    0.17399999999999998801     0.81669099999999994477
    0.17599999999999998979     0.81495600000000001373
    0.17799999999999999156     0.81322700000000003318
    0.17999999999999999334     0.81150699999999997836
    0.18199999999999999512     0.80979299999999998505
    0.18399999999999999689     0.80808800000000002850
    0.18599999999999999867     0.80638900000000002244
    0.18800000000000000044     0.80469800000000002438
    0.19000000000000000222     0.80301500000000003432
    0.19200000000000000400     0.80133799999999999475
    0.19400000000000000577     0.79966999999999999194
    0.19600000000000000755     0.79800800000000005063
    0.19800000000000000933     0.79635400000000000631
    0.20000000000000001110     0.79470700000000005225
    0.20200000000000001288     0.79306699999999996642
    0.20399999999999998690     0.79143399999999997085
    0.20599999999999998868     0.78980899999999998329
    0.20799999999999999045     0.78819099999999997497
    0.20999999999999999223     0.78657999999999994589
    0.21199999999999999400     0.78497600000000000708
    0.21399999999999999578     0.78337900000000004752
    0.21599999999999999756     0.78178899999999995618
    0.21799999999999999933     0.78020599999999995511
    0.22000000000000000111     0.77863000000000004430
    0.22200000000000000289     0.77706200000000003048
    0.22400000000000000466     0.77549999999999996714
    0.22600000000000000644     0.77394499999999999407
    0.22800000000000000822     0.77239700000000000024
    0.23000000000000000999     0.77085599999999998566
    0.23200000000000001177     0.76932100000000003259
    0.23400000000000001354     0.76779399999999997650
    0.23599999999999998757     0.76627400000000001068
    0.23799999999999998934     0.76475999999999999535
    0.23999999999999999112     0.76325299999999995926
    0.24199999999999999289     0.76175300000000001344
    0.24399999999999999467     0.76025900000000001810
    0.24599999999999999645     0.75877200000000000202
    0.24799999999999999822     0.75729199999999996518
    0.25000000000000000000     0.75581900000000001860
    0.25200000000000000178     0.75435200000000002252
    0.25400000000000000355     0.75289200000000000568
    0.25600000000000000533     0.75143800000000005035
    0.25800000000000000711     0.74999099999999996324
    0.26000000000000000888     0.74855099999999996641
    0.26200000000000001066     0.74711700000000003108
    0.26400000000000001243     0.74568900000000004624
    0.26600000000000001421     0.74426800000000004065
    0.26800000000000001599     0.74285400000000001430
    0.27000000000000001776     0.74144600000000004947
    0.27200000000000001954     0.74004400000000003512
    0.27400000000000002132     0.73864900000000000002
    0.27600000000000002309     0.73726000000000002643
    0.27800000000000002487     0.73587700000000000333
    0.28000000000000002665     0.73450099999999995948
    0.28199999999999997291     0.73313099999999997713
    0.28399999999999997469     0.73176799999999997404
    0.28599999999999997646     0.73041100000000003245
    0.28799999999999997824     0.72906000000000004135
    0.28999999999999998002     0.72771500000000000075
    0.29199999999999998179     0.72637600000000002165
    0.29399999999999998357     0.72504400000000002180
    0.29599999999999998535     0.72371799999999997244
    0.29799999999999998712     0.72239799999999998459
    0.29999999999999998890     0.72108399999999994723
    0.30199999999999999067     0.71977599999999997138
    0.30399999999999999245     0.71847399999999994602
    0.30599999999999999423     0.71717799999999998217
    0.30799999999999999600     0.71588899999999999757
    0.30999999999999999778     0.71460500000000004572
    0.31199999999999999956     0.71332799999999996210
    0.31400000000000000133     0.71205600000000002225
    0.31600000000000000311     0.71079099999999995063
    0.31800000000000000488     0.70953100000000002279
    0.32000000000000000666     0.70827700000000004543
    0.32200000000000000844     0.70702900000000001857
    0.32400000000000001021     0.70578799999999997095
    0.32600000000000001199     0.70455199999999995608
    0.32800000000000001377     0.70332099999999997397
    0.33000000000000001554     0.70209699999999997111
    0.33200000000000001732     0.70087900000000002976
    0.33400000000000001910     0.69966600000000001014
    0.33600000000000002087     0.69845900000000005203
    0.33800000000000002265     0.69725800000000004442
    0.34000000000000002442     0.69606299999999998729
    0.34200000000000002620     0.69487299999999996292
    0.34399999999999997247     0.69368900000000000006
    0.34599999999999997424     0.69251099999999998769
    0.34799999999999997602     0.69133800000000000807
    0.34999999999999997780     0.69017200000000000770
    0.35199999999999997957     0.68901000000000001133
    0.35399999999999998135     0.68785499999999999421
    0.35599999999999998312     0.68670500000000000984
    0.35799999999999998490     0.68555999999999994721
    0.35999999999999998668     0.68442099999999994608
    0.36199999999999998845     0.68328800000000000647
    0.36399999999999999023     0.68215999999999998860
    0.36599999999999999201     0.68103800000000003223
    0.36799999999999999378     0.67992099999999999760
    0.36999999999999999556     0.67881000000000002448
    0.37199999999999999734     0.67770399999999997309
    0.37399999999999999911     0.67660399999999998322
    0.37600000000000000089     0.67550900000000002610
    0.37800000000000000266     0.67442000000000001947
    0.38000000000000000444     0.67333600000000004560
    0.38200000000000000622     0.67225699999999999346
    0.38400000000000000799     0.67118400000000000283
    0.38600000000000000977     0.67011600000000004496
    0.38800000000000001155     0.66905300000000000882
    0.39000000000000001332     0.66799600000000003419
    0.39200000000000001510     0.66694399999999998130
    0.39400000000000001688     0.66589699999999996116
    0.39600000000000001865     0.66485600000000000254
    0.39800000000000002043     0.66381900000000004791
    0.40000000000000002220     0.66278800000000004378
    0.40200000000000002398     0.66176299999999999013
    0.40400000000000002576     0.66074200000000005151
    0.40600000000000002753     0.65972699999999995235
    0.40799999999999997380     0.65871699999999999697
    0.40999999999999997558     0.65771199999999996333
    0.41199999999999997735     0.65671199999999996244
    0.41399999999999997913     0.65571699999999999431
    0.41599999999999998090     0.65472699999999994791
    0.41799999999999998268     0.65374299999999996302
    0.41999999999999998446     0.65276299999999998214
    0.42199999999999998623     0.65178899999999995174
    0.42399999999999998801     0.65081900000000003637
    0.42599999999999998979     0.64985499999999996046
    0.42799999999999999156     0.64889600000000002833
    0.42999999999999999334     0.64794200000000001793
    0.43199999999999999512     0.64699200000000001154
    0.43399999999999999689     0.64604799999999995563
    0.43599999999999999867     0.64510900000000004351
    0.43800000000000000044     0.64417400000000002436
    0.44000000000000000222     0.64324499999999995570
    0.44200000000000000400     0.64232000000000000206
    0.44400000000000000577     0.64139999999999997016
    0.44600000000000000755     0.64048599999999999977
    0.44800000000000000933     0.63957600000000003337
    0.45000000000000001110     0.63867099999999998872
    0.45200000000000001288     0.63776999999999994806
    0.45400000000000001465     0.63687499999999996891
    0.45600000000000001643     0.63598399999999999377
    0.45800000000000001821     0.63509899999999996911
    0.46000000000000001998     0.63421799999999994846
    0.46200000000000002176     0.63334100000000004282
    0.46400000000000002354     0.63246999999999997666
    0.46600000000000002531     0.63160300000000002552
    0.46800000000000002709     0.63074099999999999611
    0.46999999999999997335     0.62988399999999999945
    0.47199999999999997513     0.62903100000000000680
    0.47399999999999997691     0.62818399999999996464
    0.47599999999999997868     0.62734000000000000874
    0.47799999999999998046     0.62650200000000000333
    0.47999999999999998224     0.62566800000000000193
    0.48199999999999998401     0.62483900000000003327
    0.48399999999999998579     0.62401399999999995760
    0.48599999999999998757     0.62319400000000002571
    0.48799999999999998934     0.62237799999999998679
    0.48999999999999999112     0.62156800000000000939
    0.49199999999999999289     0.62076100000000000723
    0.49399999999999999467     0.61995999999999995556
    0.49599999999999999645     0.61916199999999999015
    0.49799999999999999822     0.61836999999999997524
    0.50000000000000000000     0.61758100000000004659
    0.50200000000000000178     0.61679799999999995741
    0.50400000000000000355     0.61601899999999998325
    0.50600000000000000533     0.61524400000000001310
    0.50800000000000000711     0.61447399999999996467
    0.51000000000000000888     0.61370800000000003127
    0.51200000000000001066     0.61294599999999999085
    0.51400000000000001243     0.61218899999999998318
    0.51600000000000001421     0.61143700000000000827
    0.51800000000000001599     0.61068900000000003736
    0.52000000000000001776     0.60994499999999995943
    0.52200000000000001954     0.60920600000000002527
    0.52400000000000002132     0.60846999999999995534
    0.52600000000000002309     0.60773999999999994692
    0.52800000000000002487     0.60701300000000002477
    0.53000000000000002665     0.60629100000000002435
    0.53200000000000002842     0.60557399999999994566
    0.53400000000000003020     0.60485999999999995325
    0.53600000000000003197     0.60415099999999999358
    0.53800000000000003375     0.60344600000000003792
    0.54000000000000003553     0.60274600000000000399
    0.54200000000000003730     0.60204899999999994531
    0.54400000000000003908     0.60135700000000003040
    0.54600000000000004086     0.60066900000000000848
    0.54800000000000004263     0.59998499999999999055
    0.55000000000000004441     0.59930600000000000538
    0.55200000000000004619     0.59862999999999999545
    0.55400000000000004796     0.59795900000000001828
    0.55600000000000004974     0.59729200000000004511
    0.55800000000000005151     0.59662899999999996492
    0.56000000000000005329     0.59597100000000002851
    0.56200000000000005507     0.59531599999999995632
    0.56399999999999994582     0.59466600000000002790
    0.56599999999999994760     0.59401899999999996371
    0.56799999999999994937     0.59337700000000004330
    0.56999999999999995115     0.59273900000000001587
    0.57199999999999995293     0.59210499999999999243
    0.57399999999999995470     0.59147499999999997300
    0.57599999999999995648     0.59084899999999995757
    0.57799999999999995826     0.59022699999999994613
    0.57999999999999996003     0.58960900000000004972
    0.58199999999999996181     0.58899500000000004629
    0.58399999999999996358     0.58838500000000004686
    0.58599999999999996536     0.58777900000000005143
    0.58799999999999996714     0.58717699999999994898
    0.58999999999999996891     0.58657899999999996155
    0.59199999999999997069     0.58598499999999997812
    0.59399999999999997247     0.58539399999999996993
    0.59599999999999997424     0.58480799999999999450
    0.59799999999999997602     0.58422600000000002307
    0.59999999999999997780     0.58364700000000002689
    0.60199999999999997957     0.58307299999999995244
    0.60399999999999998135     0.58250199999999996425
    0.60599999999999998312     0.58193600000000000882
    0.60799999999999998490     0.58137300000000002864
    0.60999999999999998668     0.58081400000000005246
    0.61199999999999998845     0.58025800000000005152
    0.61399999999999999023     0.57970699999999997232
    0.61599999999999999201     0.57916000000000000814
    0.61799999999999999378     0.57861600000000001920
    0.61999999999999999556     0.57807600000000003426
    0.62199999999999999734     0.57754000000000005333
    0.62399999999999999911     0.57700700000000004763
    0.62600000000000000089     0.57647899999999996368
    0.62800000000000000266     0.57595399999999996599
    0.63000000000000000444     0.57543299999999997230
    0.63200000000000000622     0.57491499999999995385
    0.63400000000000000799     0.57440199999999996816
    0.63600000000000000977     0.57389199999999995772
    0.63800000000000001155     0.57338500000000003354
    0.64000000000000001332     0.57288300000000003109
    0.64200000000000001510     0.57238400000000000389
    0.64400000000000001688     0.57188899999999998069
    0.64600000000000001865     0.57139700000000004376
    0.64800000000000002043     0.57090899999999999981
    0.65000000000000002220     0.57042499999999995985
    0.65200000000000002398     0.56994400000000000617
    0.65400000000000002576     0.56946699999999994546
    0.65600000000000002753     0.56899399999999999977
    0.65800000000000002931     0.56852400000000002933
    0.66000000000000003109     0.56805799999999995187
    0.66200000000000003286     0.56759499999999996067
    0.66400000000000003464     0.56713599999999997348
    0.66600000000000003642     0.56667999999999996152
    0.66800000000000003819     0.56622799999999995357
    0.67000000000000003997     0.56577999999999994962
    0.67200000000000004174     0.56533500000000003194
    0.67400000000000004352     0.56489299999999997848
    0.67600000000000004530     0.56445500000000004004
    0.67800000000000004707     0.56402099999999999458
    0.68000000000000004885     0.56359000000000003539
    0.68200000000000005063     0.56316200000000005144
    0.68400000000000005240     0.56273799999999996047
    0.68600000000000005418     0.56231799999999998452
    0.68799999999999994493     0.56189999999999995506
    0.68999999999999994671     0.56148699999999995836
    0.69199999999999994849     0.56107600000000001916
    0.69399999999999995026     0.56066899999999997295
    0.69599999999999995204     0.56026600000000004176
    0.69799999999999995381     0.55986599999999997479
    0.69999999999999995559     0.55946899999999999409
    0.70199999999999995737     0.55907600000000001739
    0.70399999999999995914     0.55868600000000001593
    0.70599999999999996092     0.55829899999999998972
    0.70799999999999996270     0.55791599999999996751
    0.70999999999999996447     0.55753600000000003156
    0.71199999999999996625     0.55715899999999995984
    0.71399999999999996803     0.55678600000000000314
    0.71599999999999996980     0.55641499999999999293
    0.71799999999999997158     0.55604900000000001548
    0.71999999999999997335     0.55568499999999998451
    0.72199999999999997513     0.55532499999999995755
    0.72399999999999997691     0.55496800000000001685
    0.72599999999999997868     0.55461400000000005139
    0.72799999999999998046     0.55426399999999997892
    0.72999999999999998224     0.55391599999999996395
    0.73199999999999998401     0.55357199999999995299
    0.73399999999999998579     0.55323199999999994603
    0.73599999999999998757     0.55289399999999999658
    0.73799999999999998934     0.55255900000000002237
    0.73999999999999999112     0.55222800000000005216
    0.74199999999999999289     0.55189999999999994618
    0.74399999999999999467     0.55157500000000003748
    0.74599999999999999645     0.55125299999999999301
    0.74799999999999999822     0.55093499999999995254
    0.75000000000000000000     0.55061899999999996957
    0.75200000000000000178     0.55030699999999999061
    0.75400000000000000355     0.54999799999999998690
    0.75600000000000000533     0.54969199999999995843
    0.75800000000000000711     0.54938799999999998747
    0.76000000000000000888     0.54908800000000002051
    0.76200000000000001066     0.54879199999999994652
    0.76400000000000001243     0.54849800000000004108
    0.76600000000000001421     0.54820699999999999985
    0.76800000000000001599     0.54791900000000004489
    0.77000000000000001776     0.54763399999999995416
    0.77200000000000001954     0.54735299999999997844
    0.77400000000000002132     0.54707399999999994922
    0.77600000000000002309     0.54679800000000000626
    0.77800000000000002487     0.54652599999999995628
    0.78000000000000002665     0.54625599999999996381
    0.78200000000000002842     0.54598899999999994659
    0.78400000000000003020     0.54572600000000004439
    0.78600000000000003197     0.54546499999999997765
    0.78800000000000003375     0.54520699999999999719
    0.79000000000000003553     0.54495199999999999196
    0.79200000000000003730     0.54469999999999996199
    0.79400000000000003908     0.54445100000000001828
    0.79600000000000004086     0.54420500000000004981
    0.79800000000000004263     0.54396199999999994557
    0.80000000000000004441     0.54372200000000003861
    0.80200000000000004619     0.54348399999999996712
    0.80400000000000004796     0.54325000000000001066
    0.80600000000000004974     0.54301800000000000068
    0.80800000000000005151     0.54278899999999996595
    0.81000000000000005329     0.54256300000000001749
    0.81200000000000005507     0.54234000000000004427
    0.81399999999999994582     0.54211900000000001754
    0.81599999999999994760     0.54190199999999999481
    0.81799999999999994937     0.54168700000000002959
    0.81999999999999995115     0.54147500000000003961
    0.82199999999999995293     0.54126600000000002488
    0.82399999999999995470     0.54105999999999998540
    0.82599999999999995648     0.54085600000000000342
    0.82799999999999995826     0.54065499999999999670
    0.82999999999999996003     0.54045699999999996521
    0.83199999999999996181     0.54026200000000001999
    0.83399999999999996358     0.54006900000000002127
    0.83599999999999996536     0.53987899999999999778
    0.83799999999999996714     0.53969199999999994954
    0.83999999999999996891     0.53950699999999995882
    0.84199999999999997069     0.53932500000000005436
    0.84399999999999997247     0.53914600000000001412
    0.84599999999999997424     0.53896999999999994913
    0.84799999999999997602     0.53879600000000005267
    0.84999999999999997780     0.53862500000000002043
    0.85199999999999997957     0.53845600000000004570
    0.85399999999999998135     0.53829000000000004622
    0.85599999999999998312     0.53812700000000002198
    0.85799999999999998490     0.53796600000000005526
    0.85999999999999998668     0.53780799999999995276
    0.86199999999999998845     0.53765300000000004754
    0.86399999999999999023     0.53749999999999997780
    0.86599999999999999201     0.53734999999999999432
    0.86799999999999999378     0.53720199999999995732
    0.86999999999999999556     0.53705700000000000660
    0.87199999999999999734     0.53691400000000000237
    0.87399999999999999911     0.53677399999999997338
    0.87600000000000000089     0.53663600000000000190
    0.87800000000000000266     0.53650100000000000566
    0.88000000000000000444     0.53636899999999998467
    0.88200000000000000622     0.53623900000000002120
    0.88400000000000000799     0.53611100000000000421
    0.88600000000000000977     0.53598599999999996246
    0.88800000000000001155     0.53586299999999997823
    0.89000000000000001332     0.53574299999999996924
    0.89200000000000001510     0.53562500000000001776
    0.89400000000000001688     0.53551000000000004153
    0.89600000000000001865     0.53539700000000001179
    0.89800000000000002043     0.53528699999999995729
    0.90000000000000002220     0.53517899999999996030
    0.90200000000000002398     0.53507300000000002083
    0.90400000000000002576     0.53496999999999994557
    0.90600000000000002753     0.53486900000000003885
    0.90800000000000002931     0.53476999999999996760
    0.91000000000000003109     0.53467399999999998261
    0.91200000000000003286     0.53458000000000005514
    0.91400000000000003464     0.53448899999999999189
    0.91600000000000003642     0.53439999999999998614
    0.91800000000000003819     0.53431300000000003791
    0.92000000000000003997     0.53422800000000003617
    0.92200000000000004174     0.53414600000000000968
    0.92400000000000004352     0.53406600000000004069
    0.92600000000000004530     0.53398800000000001820
    0.92800000000000004707     0.53391299999999997095
    0.93000000000000004885     0.53383999999999998121
    0.93200000000000005063     0.53376900000000004898
    0.93400000000000005240     0.53369999999999995222
    0.93600000000000005418     0.53363400000000005274
    0.93799999999999994493     0.53356899999999995998
    0.93999999999999994671     0.53350699999999995349
    0.94199999999999994849     0.53344700000000000450
    0.94399999999999995026     0.53339000000000003077
    0.94599999999999995204     0.53333399999999997476
    0.94799999999999995381     0.53328100000000000502
    0.94999999999999995559     0.53322999999999998177
    0.95199999999999995737     0.53318100000000001604
    0.95399999999999995914     0.53313399999999999679
    0.95599999999999996092     0.53308900000000003505
    0.95799999999999996270     0.53304600000000001980
    0.95999999999999996447     0.53300599999999997980
    0.96199999999999996625     0.53296699999999996855
    0.96399999999999996803     0.53293100000000004357
    0.96599999999999996980     0.53289600000000003632
    0.96799999999999997158     0.53286400000000000432
    0.96999999999999997335     0.53283400000000002983
    0.97199999999999997513     0.53280499999999997307
    0.97399999999999997691     0.53277900000000000258
    0.97599999999999997868     0.53275499999999997858
    0.97799999999999998046     0.53273300000000001209
    0.97999999999999998224     0.53271299999999999208
    0.98199999999999998401     0.53269400000000000084
    0.98399999999999998579     0.53267799999999998484
    0.98599999999999998757     0.53266400000000002635
    0.98799999999999998934     0.53265099999999998559
    0.98999999999999999112     0.53264100000000003110
    0.99199999999999999289     0.53263199999999999434
    0.99399999999999999467     0.53262600000000004385
    0.99599999999999999645     0.53262100000000001110
    0.99799999999999999822     0.53261800000000003585
    1.00000000000000000000     0.53261700000000000710
    1.00200000000000000178     0.53261800000000003585
