       x      Css
    0.00000000000000000000     1.00000000000000000000
    0.00200000000000000004     0.99917800000000001059
    0.00400000000000000008     0.99835700000000004994
    0.00600000000000000012     0.99753800000000003578
    0.00800000000000000017     0.99672099999999996811
    0.01000000000000000021     0.99590500000000004022
    0.01200000000000000025     0.99509000000000003006
    0.01400000000000000029     0.99427699999999996638
    0.01600000000000000033     0.99346599999999996022
    0.01799999999999999864     0.99265499999999995406
    0.02000000000000000042     0.99184700000000003417
    0.02199999999999999872     0.99104000000000003201
    0.02400000000000000050     0.99023399999999994758
    0.02599999999999999881     0.98943000000000003169
    0.02800000000000000058     0.98862700000000003353
    0.02999999999999999889     0.98782499999999995310
    0.03200000000000000067     0.98702599999999995894
    0.03400000000000000244     0.98622699999999996479
    0.03599999999999999728     0.98543000000000002814
    0.03799999999999999906     0.98463500000000003798
    0.04000000000000000083     0.98384099999999996555
    0.04200000000000000261     0.98304800000000003291
    0.04399999999999999745     0.98225700000000004675
    0.04599999999999999922     0.98146699999999997832
    0.04800000000000000100     0.98067899999999996741
    0.05000000000000000278     0.97989300000000001400
    0.05199999999999999761     0.97910699999999994958
    0.05399999999999999939     0.97832300000000005369
    0.05600000000000000117     0.97754099999999999326
    0.05800000000000000294     0.97675999999999996160
    0.05999999999999999778     0.97597999999999995868
    0.06199999999999999956     0.97520200000000001328
    0.06400000000000000133     0.97442600000000001437
    0.06600000000000000311     0.97365100000000004421
    0.06800000000000000488     0.97287699999999999179
    0.07000000000000000666     0.97210399999999996812
    0.07199999999999999456     0.97133400000000003072
    0.07399999999999999634     0.97056399999999998229
    0.07599999999999999811     0.96979599999999999138
    0.07799999999999999989     0.96902999999999994696
    0.08000000000000000167     0.96826400000000001356
    0.08200000000000000344     0.96750100000000005540
    0.08400000000000000522     0.96673799999999998622
    0.08599999999999999312     0.96597699999999997456
    0.08799999999999999489     0.96521800000000002040
    0.08999999999999999667     0.96445999999999998398
    0.09199999999999999845     0.96370299999999997631
    0.09400000000000000022     0.96294800000000002616
    0.09600000000000000200     0.96219399999999999373
    0.09800000000000000377     0.96144200000000001882
    0.10000000000000000555     0.96069099999999996164
    0.10199999999999999345     0.95994199999999996198
    0.10399999999999999523     0.95919399999999999107
    0.10599999999999999700     0.95844700000000004891
    0.10799999999999999878     0.95770200000000005325
    0.11000000000000000056     0.95695799999999997532
    0.11200000000000000233     0.95621500000000003716
    0.11400000000000000411     0.95547400000000004550
    0.11600000000000000588     0.95473500000000000032
    0.11799999999999999378     0.95399599999999995514
    0.11999999999999999556     0.95325999999999999623
    0.12199999999999999734     0.95252400000000003732
    0.12399999999999999911     0.95179000000000002490
    0.12600000000000000089     0.95105700000000004124
    0.12800000000000000266     0.95032600000000000406
    0.13000000000000000444     0.94959599999999999564
    0.13200000000000000622     0.94886800000000004474
    0.13400000000000000799     0.94814100000000001156
    0.13600000000000000977     0.94741500000000000714
    0.13800000000000001155     0.94669099999999994921
    0.14000000000000001332     0.94596800000000003106
    0.14199999999999998734     0.94524699999999994837
    0.14399999999999998912     0.94452700000000000546
    0.14599999999999999090     0.94380799999999998029
    0.14799999999999999267     0.94309100000000001263
    0.14999999999999999445     0.94237499999999996270
    0.15199999999999999623     0.94166000000000005254
    0.15399999999999999800     0.94094699999999997786
    0.15599999999999999978     0.94023599999999996069
    0.15800000000000000155     0.93952500000000005453
    0.16000000000000000333     0.93881599999999998385
    0.16200000000000000511     0.93810899999999997068
    0.16400000000000000688     0.93740199999999995750
    0.16600000000000000866     0.93669800000000003060
    0.16800000000000001044     0.93599399999999999267
    0.17000000000000001221     0.93529200000000001225
    0.17199999999999998623     0.93459099999999994957
    0.17399999999999998801     0.93389200000000005542
    0.17599999999999998979     0.93319399999999996798
    0.17799999999999999156     0.93249800000000004907
    0.17999999999999999334     0.93180200000000001914
    0.18199999999999999512     0.93110899999999996446
    0.18399999999999999689     0.93041600000000002080
    0.18599999999999999867     0.92972500000000002363
    0.18800000000000000044     0.92903500000000005521
    0.19000000000000000222     0.92834700000000003328
    0.19200000000000000400     0.92766000000000004011
    0.19400000000000000577     0.92697499999999999343
    0.19600000000000000755     0.92628999999999994674
    0.19800000000000000933     0.92560699999999995757
    0.20000000000000001110     0.92492600000000002591
    0.20200000000000001288     0.92424600000000001199
    0.20399999999999998690     0.92356700000000002682
    0.20599999999999998868     0.92288999999999998813
    0.20799999999999999045     0.92221399999999997821
    0.20999999999999999223     0.92153899999999999704
    0.21199999999999999400     0.92086599999999996236
    0.21399999999999999578     0.92019399999999995643
    0.21599999999999999756     0.91952299999999997926
    0.21799999999999999933     0.91885399999999994858
    0.22000000000000000111     0.91818599999999994665
    0.22200000000000000289     0.91751899999999997348
    0.22400000000000000466     0.91685399999999994680
    0.22600000000000000644     0.91618999999999994888
    0.22800000000000000822     0.91552800000000000846
    0.23000000000000000999     0.91486699999999998578
    0.23200000000000001177     0.91420699999999999186
    0.23400000000000001354     0.91354900000000005544
    0.23599999999999998757     0.91289200000000003676
    0.23799999999999998934     0.91223600000000004684
    0.23999999999999999112     0.91158200000000000340
    0.24199999999999999289     0.91092899999999998872
    0.24399999999999999467     0.91027700000000000280
    0.24599999999999999645     0.90962699999999996336
    0.24799999999999999822     0.90897799999999995268
    0.25000000000000000000     0.90832999999999997076
    0.25200000000000000178     0.90768400000000004635
    0.25400000000000000355     0.90703900000000003967
    0.25600000000000000533     0.90639499999999995072
    0.25800000000000000711     0.90575300000000003031
    0.26000000000000000888     0.90511200000000002763
    0.26200000000000001066     0.90447299999999997144
    0.26400000000000001243     0.90383500000000005503
    0.26600000000000001421     0.90319799999999994533
    0.26800000000000001599     0.90256199999999997541
    0.27000000000000001776     0.90192799999999995197
    0.27200000000000001954     0.90129499999999995730
    0.27400000000000002132     0.90066400000000002013
    0.27600000000000002309     0.90003400000000000070
    0.27800000000000002487     0.89940500000000001002
    0.28000000000000002665     0.89877799999999996583
    0.28199999999999997291     0.89815199999999995040
    0.28399999999999997469     0.89752699999999996372
    0.28599999999999997646     0.89690400000000003455
    0.28799999999999997824     0.89628200000000002312
    0.28999999999999998002     0.89566100000000004044
    0.29199999999999998179     0.89504099999999997550
    0.29399999999999998357     0.89442299999999996807
    0.29599999999999998535     0.89380700000000001815
    0.29799999999999998712     0.89319099999999995720
    0.29999999999999998890     0.89257699999999995377
    0.30199999999999999067     0.89196500000000000785
    0.30399999999999999245     0.89135299999999995091
    0.30599999999999999423     0.89074299999999995148
    0.30799999999999999600     0.89013500000000000956
    0.30999999999999999778     0.88952799999999998537
    0.31199999999999999956     0.88892199999999998994
    0.31400000000000000133     0.88831700000000002326
    0.31600000000000000311     0.88771400000000000308
    0.31800000000000000488     0.88711200000000001165
    0.32000000000000000666     0.88651100000000004897
    0.32200000000000000844     0.88591200000000003278
    0.32400000000000001021     0.88531400000000004535
    0.32600000000000001199     0.88471699999999997566
    0.32800000000000001377     0.88412199999999996347
    0.33000000000000001554     0.88352799999999998004
    0.33200000000000001732     0.88293600000000005412
    0.33400000000000001910     0.88234400000000001718
    0.33600000000000002087     0.88175499999999995548
    0.33800000000000002265     0.88116600000000000481
    0.34000000000000002442     0.88057900000000000063
    0.34200000000000002620     0.87999300000000002520
    0.34399999999999997247     0.87940799999999996750
    0.34599999999999997424     0.87882499999999996732
    0.34799999999999997602     0.87824299999999999589
    0.34999999999999997780     0.87766299999999997095
    0.35199999999999997957     0.87708399999999997476
    0.35399999999999998135     0.87650600000000000733
    0.35599999999999998312     0.87592899999999995764
    0.35799999999999998490     0.87535399999999996545
    0.35999999999999998668     0.87478000000000000203
    0.36199999999999998845     0.87420799999999998509
    0.36399999999999999023     0.87363699999999999690
    0.36599999999999999201     0.87306700000000003747
    0.36799999999999999378     0.87249900000000002454
    0.36999999999999999556     0.87193200000000004035
    0.37199999999999999734     0.87136599999999997390
    0.37399999999999999911     0.87080100000000004723
    0.37600000000000000089     0.87023799999999995602
    0.37800000000000000266     0.86967700000000003335
    0.38000000000000000444     0.86911599999999999966
    0.38200000000000000622     0.86855700000000002348
    0.38400000000000000799     0.86799899999999996503
    0.38600000000000000977     0.86744299999999996409
    0.38800000000000001155     0.86688799999999999191
    0.39000000000000001332     0.86633400000000004848
    0.39200000000000001510     0.86578200000000005154
    0.39400000000000001688     0.86523099999999997234
    0.39600000000000001865     0.86468199999999995065
    0.39800000000000002043     0.86413300000000003998
    0.40000000000000002220     0.86358599999999996477
    0.40200000000000002398     0.86304099999999994708
    0.40400000000000002576     0.86249699999999995814
    0.40600000000000002753     0.86195399999999999796
    0.40799999999999997380     0.86141199999999995551
    0.40999999999999997558     0.86087199999999997058
    0.41199999999999997735     0.86033300000000001440
    0.41399999999999997913     0.85979600000000000470
    0.41599999999999998090     0.85926000000000002377
    0.41799999999999998268     0.85872499999999996056
    0.41999999999999998446     0.85819199999999995487
    0.42199999999999998623     0.85765999999999997794
    0.42399999999999998801     0.85712900000000002976
    0.42599999999999998979     0.85660000000000002807
    0.42799999999999999156     0.85607200000000005513
    0.42999999999999999334     0.85554499999999999993
    0.43199999999999999512     0.85502000000000000224
    0.43399999999999999689     0.85449600000000003330
    0.43599999999999999867     0.85397400000000001086
    0.43800000000000000044     0.85345300000000001717
    0.44000000000000000222     0.85293300000000005223
    0.44200000000000000400     0.85241400000000000503
    0.44400000000000000577     0.85189700000000001534
    0.44600000000000000755     0.85138199999999997214
    0.44800000000000000933     0.85086700000000003996
    0.45000000000000001110     0.85035499999999997200
    0.45200000000000001288     0.84984300000000001507
    0.45400000000000001465     0.84933300000000000463
    0.45600000000000001643     0.84882400000000002294
    0.45800000000000001821     0.84831699999999998774
    0.46000000000000001998     0.84781099999999998129
    0.46200000000000002176     0.84730600000000000360
    0.46400000000000002354     0.84680299999999997240
    0.46600000000000002531     0.84630099999999996996
    0.46800000000000002709     0.84579999999999999627
    0.46999999999999997335     0.84530099999999996907
    0.47199999999999997513     0.84480299999999997063
    0.47399999999999997691     0.84430700000000002969
    0.47599999999999997868     0.84381200000000000649
    0.47799999999999998046     0.84331800000000001205
    0.47999999999999998224     0.84282599999999996410
    0.48199999999999998401     0.84233499999999994490
    0.48399999999999998579     0.84184599999999998321
    0.48599999999999998757     0.84135800000000005028
    0.48799999999999998934     0.84087100000000003508
    0.48999999999999999112     0.84038599999999996637
    0.49199999999999999289     0.83990200000000003744
    0.49399999999999999467     0.83941900000000002624
    0.49599999999999999645     0.83893799999999996153
    0.49799999999999999822     0.83845899999999995433
    0.50000000000000000000     0.83797999999999994714
    0.50200000000000000178     0.83750400000000002620
    0.50400000000000000355     0.83702799999999999425
    0.50600000000000000533     0.83655400000000001981
    0.50800000000000000711     0.83608099999999996310
    0.51000000000000000888     0.83560999999999996390
    0.51200000000000001066     0.83513999999999999346
    0.51400000000000001243     0.83467199999999996951
    0.51600000000000001421     0.83420499999999997431
    0.51800000000000001599     0.83374000000000003663
    0.52000000000000001776     0.83327499999999998792
    0.52200000000000001954     0.83281300000000002548
    0.52400000000000002132     0.83235099999999995202
    0.52600000000000002309     0.83189199999999996482
    0.52800000000000002487     0.83143299999999997763
    0.53000000000000002665     0.83097600000000004794
    0.53200000000000002842     0.83052099999999995372
    0.53400000000000003020     0.83006599999999997053
    0.53600000000000003197     0.82961399999999996258
    0.53800000000000003375     0.82916299999999998338
    0.54000000000000003553     0.82871300000000003294
    0.54200000000000003730     0.82826400000000000023
    0.54400000000000003908     0.82781700000000002504
    0.54600000000000004086     0.82737199999999999633
    0.54800000000000004263     0.82692799999999999638
    0.55000000000000004441     0.82648500000000002519
    0.55200000000000004619     0.82604400000000000048
    0.55400000000000004796     0.82560500000000003329
    0.55600000000000004974     0.82516599999999995507
    0.55800000000000005151     0.82472999999999996312
    0.56000000000000005329     0.82429399999999997117
    0.56200000000000005507     0.82386099999999995447
    0.56399999999999994582     0.82342800000000004879
    0.56599999999999994760     0.82299699999999997857
    0.56799999999999994937     0.82256799999999996587
    0.56999999999999995115     0.82213999999999998192
    0.57199999999999995293     0.82171400000000005548
    0.57399999999999995470     0.82128900000000004678
    0.57599999999999995648     0.82086499999999995580
    0.57799999999999995826     0.82044300000000003337
    0.57999999999999996003     0.82002299999999994640
    0.58199999999999996181     0.81960399999999999920
    0.58399999999999996358     0.81918599999999996975
    0.58599999999999996536     0.81876999999999999780
    0.58799999999999996714     0.81835500000000005461
    0.58999999999999996891     0.81794199999999994688
    0.59199999999999997069     0.81753100000000000769
    0.59399999999999997247     0.81712099999999998623
    0.59599999999999997424     0.81671199999999999353
    0.59799999999999997602     0.81630499999999994731
    0.59999999999999997780     0.81589999999999995861
    0.60199999999999997957     0.81549599999999999866
    0.60399999999999998135     0.81509399999999998521
    0.60599999999999998312     0.81469300000000000050
    0.60799999999999998490     0.81429300000000004456
    0.60999999999999998668     0.81389500000000003510
    0.61199999999999998845     0.81349899999999997213
    0.61399999999999999023     0.81310400000000004894
    0.61599999999999999201     0.81271099999999996122
    0.61799999999999999378     0.81231900000000001327
    0.61999999999999999556     0.81192900000000001182
    0.62199999999999999734     0.81154099999999995685
    0.62399999999999999911     0.81115400000000004166
    0.62600000000000000089     0.81076800000000004420
    0.62800000000000000266     0.81038399999999999324
    0.63000000000000000444     0.81000199999999999978
    0.63200000000000000622     0.80962100000000003508
    0.63400000000000000799     0.80924200000000001687
    0.63600000000000000977     0.80886400000000002741
    0.63800000000000001155     0.80848799999999998445
    0.64000000000000001332     0.80811299999999997024
    0.64200000000000001510     0.80774100000000004229
    0.64400000000000001688     0.80736900000000000333
    0.64600000000000001865     0.80700000000000005063
    0.64800000000000002043     0.80663099999999998690
    0.65000000000000002220     0.80626500000000000945
    0.65200000000000002398     0.80589999999999994973
    0.65400000000000002576     0.80553699999999994752
    0.65600000000000002753     0.80517499999999997407
    0.65800000000000002931     0.80481499999999994710
    0.66000000000000003109     0.80445599999999994889
    0.66200000000000003286     0.80409900000000000819
    0.66400000000000003464     0.80374400000000001398
    0.66600000000000003642     0.80339000000000004853
    0.66800000000000003819     0.80303800000000002957
    0.67000000000000003997     0.80268799999999995709
    0.67200000000000004174     0.80233900000000002439
    0.67400000000000004352     0.80199200000000003818
    0.67600000000000004530     0.80164699999999999847
    0.67800000000000004707     0.80130299999999998750
    0.68000000000000004885     0.80096100000000003405
    0.68200000000000005063     0.80062100000000002709
    0.68400000000000005240     0.80028200000000004888
    0.68600000000000005418     0.79994500000000001716
    0.68799999999999994493     0.79960900000000001420
    0.68999999999999994671     0.79927599999999998648
    0.69199999999999994849     0.79894399999999998752
    0.69399999999999995026     0.79861300000000001731
    0.69599999999999995204     0.79828399999999999359
    0.69799999999999995381     0.79795700000000002738
    0.69999999999999995559     0.79763200000000000767
    0.70199999999999995737     0.79730900000000004546
    0.70399999999999995914     0.79698700000000000099
    0.70599999999999996092     0.79666700000000001403
    0.70799999999999996270     0.79634799999999994480
    0.70999999999999996447     0.79603100000000004410
    0.71199999999999996625     0.79571599999999997888
    0.71399999999999996803     0.79540299999999997116
    0.71599999999999996980     0.79509200000000002095
    0.71799999999999997158     0.79478199999999998848
    0.71999999999999997335     0.79447400000000001352
    0.72199999999999997513     0.79416699999999995629
    0.72399999999999997691     0.79386299999999998533
    0.72599999999999997868     0.79356000000000004313
    0.72799999999999998046     0.79325900000000004741
    0.72999999999999998224     0.79295999999999999819
    0.73199999999999998401     0.79266300000000000647
    0.73399999999999998579     0.79236700000000004351
    0.73599999999999998757     0.79207300000000002704
    0.73799999999999998934     0.79178099999999995706
    0.73999999999999999112     0.79149099999999994459
    0.74199999999999999289     0.79120199999999996088
    0.74399999999999999467     0.79091500000000003467
    0.74599999999999999645     0.79063099999999997269
    0.74799999999999999822     0.79034800000000005049
    0.75000000000000000000     0.79006600000000004602
    0.75200000000000000178     0.78978700000000001680
    0.75400000000000000355     0.78950900000000001633
    0.75600000000000000533     0.78923399999999999110
    0.75800000000000000711     0.78895999999999999464
    0.76000000000000000888     0.78868799999999994466
    0.76200000000000001066     0.78841799999999995219
    0.76400000000000001243     0.78814899999999998847
    0.76600000000000001421     0.78788300000000000001
    0.76800000000000001599     0.78761800000000004029
    0.77000000000000001776     0.78735599999999994481
    0.77200000000000001954     0.78709499999999998909
    0.77400000000000002132     0.78683599999999997987
    0.77600000000000002309     0.78657900000000002816
    0.77800000000000002487     0.78632400000000002294
    0.78000000000000002665     0.78607099999999996420
    0.78200000000000002842     0.78581900000000004525
    0.78400000000000003020     0.78556999999999999051
    0.78600000000000003197     0.78532299999999999329
    0.78800000000000003375     0.78507700000000002483
    0.79000000000000003553     0.78483400000000003160
    0.79200000000000003730     0.78459199999999995612
    0.79400000000000003908     0.78435200000000004916
    0.79600000000000004086     0.78411500000000000643
    0.79800000000000004263     0.78387899999999999245
    0.80000000000000004441     0.78364500000000003599
    0.80200000000000004619     0.78341300000000002601
    0.80400000000000004796     0.78318299999999996253
    0.80600000000000004974     0.78295599999999998531
    0.80800000000000005151     0.78273000000000003684
    0.81000000000000005329     0.78250600000000003487
    0.81200000000000005507     0.78228399999999997938
    0.81399999999999994582     0.78206399999999998141
    0.81599999999999994760     0.78184600000000004094
    0.81799999999999994937     0.78163099999999996470
    0.81999999999999995115     0.78141700000000002824
    0.82199999999999995293     0.78120500000000003826
    0.82399999999999995470     0.78099499999999999478
    0.82599999999999995648     0.78078800000000003756
    0.82799999999999995826     0.78058199999999999807
    0.82999999999999996003     0.78037900000000004486
    0.83199999999999996181     0.78017700000000000937
    0.83399999999999996358     0.77997799999999994913
    0.83599999999999996536     0.77978099999999994640
    0.83799999999999996714     0.77958600000000000119
    0.83999999999999996891     0.77939199999999997370
    0.84199999999999997069     0.77920100000000003249
    0.84399999999999997247     0.77901299999999995549
    0.84599999999999997424     0.77882600000000001828
    0.84799999999999997602     0.77864100000000002755
    0.84999999999999997780     0.77845900000000001207
    0.85199999999999997957     0.77827800000000002534
    0.85399999999999998135     0.77810000000000001386
    0.85599999999999998312     0.77792399999999994886
    0.85799999999999998490     0.77775000000000005240
    0.85999999999999998668     0.77757900000000002017
    0.86199999999999998845     0.77740900000000001668
    0.86399999999999999023     0.77724199999999998845
    0.86599999999999999201     0.77707700000000001772
    0.86799999999999999378     0.77691399999999999348
    0.86999999999999999556     0.77675300000000002676
    0.87199999999999999734     0.77659400000000000652
    0.87399999999999999911     0.77643799999999996153
    0.87600000000000000089     0.77628399999999997405
    0.87800000000000000266     0.77613200000000004408
    0.88000000000000000444     0.77598199999999994958
    0.88200000000000000622     0.77583500000000005237
    0.88400000000000000799     0.77568999999999999062
    0.88600000000000000977     0.77554699999999998639
    0.88800000000000001155     0.77540600000000003966
    0.89000000000000001332     0.77526799999999995716
    0.89200000000000001510     0.77513200000000004319
    0.89400000000000001688     0.77499799999999996469
    0.89600000000000001865     0.77486699999999997246
    0.89800000000000002043     0.77473800000000003774
    0.90000000000000002220     0.77461100000000004950
    0.90200000000000002398     0.77448600000000000776
    0.90400000000000002576     0.77436400000000005228
    0.90600000000000002753     0.77424400000000004329
    0.90800000000000002931     0.77412700000000000955
    0.91000000000000003109     0.77401200000000003332
    0.91200000000000003286     0.77389900000000000357
    0.91400000000000003464     0.77378899999999994908
    0.91600000000000003642     0.77368099999999995209
    0.91800000000000003819     0.77357500000000001261
    0.92000000000000003997     0.77347200000000004838
    0.92200000000000004174     0.77337100000000003064
    0.92400000000000004352     0.77327199999999995939
    0.92600000000000004530     0.77317599999999997440
    0.92800000000000004707     0.77308299999999996466
    0.93000000000000004885     0.77299099999999998367
    0.93200000000000005063     0.77290300000000000669
    0.93400000000000005240     0.77281599999999994743
    0.93600000000000005418     0.77273300000000000320
    0.93799999999999994493     0.77265099999999997671
    0.93999999999999994671     0.77257200000000003648
    0.94199999999999994849     0.77249599999999996047
    0.94399999999999995026     0.77242200000000005300
    0.94599999999999995204     0.77234999999999998099
    0.94799999999999995381     0.77228099999999999525
    0.94999999999999995559     0.77221499999999998476
    0.95199999999999995737     0.77215100000000003178
    0.95399999999999995914     0.77208900000000002528
    0.95599999999999996092     0.77203100000000002279
    0.95799999999999996270     0.77197400000000004905
    0.95999999999999996447     0.77192000000000005056
    0.96199999999999996625     0.77186900000000002731
    0.96399999999999996803     0.77181999999999995055
    0.96599999999999996980     0.77177399999999996005
    0.96799999999999997158     0.77173099999999994481
    0.96999999999999997335     0.77168999999999998707
    0.97199999999999997513     0.77165099999999997582
    0.97399999999999997691     0.77161500000000005084
    0.97599999999999997868     0.77158199999999999008
    0.97799999999999998046     0.77155200000000001559
    0.97999999999999998224     0.77152399999999998759
    0.98199999999999998401     0.77149800000000001710
    0.98399999999999998579     0.77147600000000005060
    0.98599999999999998757     0.77145600000000003060
    0.98799999999999998934     0.77143799999999995709
    0.98999999999999999112     0.77142299999999996984
    0.99199999999999999289     0.77141099999999995784
    0.99399999999999999467     0.77140200000000003211
    0.99599999999999999645     0.77139500000000005286
    0.99799999999999999822     0.77139100000000004886
    1.00000000000000000000     0.77139000000000002011
    1.00200000000000000178     0.77139100000000004886
