       x      Css
    0.00000000000000000000     1.00000000000000000000
    0.00200000000000000004     0.99791300000000004999
    0.00400000000000000008     0.99583500000000002572
    0.00600000000000000012     0.99376699999999995594
    0.00800000000000000017     0.99170700000000000518
    0.01000000000000000021     0.98965700000000000891
    0.01200000000000000025     0.98761500000000002064
    0.01400000000000000029     0.98558299999999998686
    0.01600000000000000033     0.98355899999999996108
    0.01799999999999999864     0.98154500000000000082
    0.02000000000000000042     0.97953900000000004855
    0.02199999999999999872     0.97754200000000002202
    0.02400000000000000050     0.97555400000000003224
    0.02599999999999999881     0.97357400000000005047
    0.02800000000000000058     0.97160400000000002319
    0.02999999999999999889     0.96964200000000000390
    0.03200000000000000067     0.96768900000000002137
    0.03400000000000000244     0.96574400000000004685
    0.03599999999999999728     0.96380799999999999805
    0.03799999999999999906     0.96188099999999998602
    0.04000000000000000083     0.95996199999999998198
    0.04200000000000000261     0.95805200000000001470
    0.04399999999999999745     0.95615000000000005542
    0.04599999999999999922     0.95425700000000002188
    0.04800000000000000100     0.95237199999999999633
    0.05000000000000000278     0.95049499999999997879
    0.05199999999999999761     0.94862699999999999800
    0.05399999999999999939     0.94676700000000002522
    0.05600000000000000117     0.94491599999999997817
    0.05800000000000000294     0.94307300000000005014
    0.05999999999999999778     0.94123800000000001909
    0.06199999999999999956     0.93941099999999999604
    0.06400000000000000133     0.93759199999999998099
    0.06600000000000000311     0.93578200000000000269
    0.06800000000000000488     0.93397900000000000365
    0.07000000000000000666     0.93218500000000004135
    0.07199999999999999456     0.93039899999999997604
    0.07399999999999999634     0.92862100000000002975
    0.07599999999999999811     0.92685099999999998044
    0.07799999999999999989     0.92508900000000005015
    0.08000000000000000167     0.92333500000000001684
    0.08200000000000000344     0.92158799999999996277
    0.08400000000000000522     0.91984999999999994547
    0.08599999999999999312     0.91812000000000004718
    0.08799999999999999489     0.91639700000000001712
    0.08999999999999999667     0.91468199999999999505
    0.09199999999999999845     0.91297499999999998099
    0.09400000000000000022     0.91127599999999997493
    0.09600000000000000200     0.90958399999999994812
    0.09800000000000000377     0.90790000000000004032
    0.10000000000000000555     0.90622400000000002951
    0.10199999999999999345     0.90455600000000002670
    0.10399999999999999523     0.90289500000000000313
    0.10599999999999999700     0.90124099999999995880
    0.10799999999999999878     0.89959599999999995124
    0.11000000000000000056     0.89795700000000000518
    0.11200000000000000233     0.89632699999999998486
    0.11400000000000000411     0.89470300000000002605
    0.11600000000000000588     0.89308799999999999297
    0.11799999999999999378     0.89147900000000002141
    0.11999999999999999556     0.88987799999999994682
    0.12199999999999999734     0.88828499999999999126
    0.12399999999999999911     0.88669900000000001494
    0.12600000000000000089     0.88512000000000001787
    0.12800000000000000266     0.88354800000000000004
    0.13000000000000000444     0.88198399999999999022
    0.13200000000000000622     0.88042699999999995963
    0.13400000000000000799     0.87887700000000001932
    0.13600000000000000977     0.87733399999999994723
    0.13800000000000001155     0.87579899999999999416
    0.14000000000000001332     0.87426999999999999158
    0.14199999999999998734     0.87274899999999999700
    0.14399999999999998912     0.87123499999999998167
    0.14599999999999999090     0.86972799999999994558
    0.14799999999999999267     0.86822799999999999976
    0.14999999999999999445     0.86673500000000003318
    0.15199999999999999623     0.86524900000000004585
    0.15399999999999999800     0.86377000000000003777
    0.15599999999999999978     0.86229800000000000892
    0.15800000000000000155     0.86083299999999995933
    0.16000000000000000333     0.85937500000000000000
    0.16200000000000000511     0.85792400000000001992
    0.16400000000000000688     0.85647899999999999032
    0.16600000000000000866     0.85504199999999996873
    0.16800000000000001044     0.85361100000000000865
    0.17000000000000001221     0.85218700000000002781
    0.17199999999999998623     0.85077000000000002622
    0.17399999999999998801     0.84935899999999997512
    0.17599999999999998979     0.84795500000000001428
    0.17799999999999999156     0.84655800000000003269
    0.17999999999999999334     0.84516800000000003035
    0.18199999999999999512     0.84378399999999997849
    0.18399999999999999689     0.84240700000000001690
    0.18599999999999999867     0.84103600000000000581
    0.18800000000000000044     0.83967199999999997395
    0.19000000000000000222     0.83831500000000003237
    0.19200000000000000400     0.83696400000000004127
    0.19400000000000000577     0.83561900000000000066
    0.19600000000000000755     0.83428100000000005032
    0.19800000000000000933     0.83294999999999996820
    0.20000000000000001110     0.83162499999999994760
    0.20200000000000001288     0.83030599999999998850
    0.20399999999999998690     0.82899400000000000865
    0.20599999999999998868     0.82768799999999997929
    0.20799999999999999045     0.82638900000000004020
    0.20999999999999999223     0.82509600000000005160
    0.21199999999999999400     0.82380900000000001349
    0.21399999999999999578     0.82252899999999995462
    0.21599999999999999756     0.82125400000000003953
    0.21799999999999999933     0.81998599999999999266
    0.22000000000000000111     0.81872500000000003606
    0.22200000000000000289     0.81746900000000000119
    0.22400000000000000466     0.81621999999999994557
    0.22600000000000000644     0.81497699999999995146
    0.22800000000000000822     0.81374000000000001886
    0.23000000000000000999     0.81250900000000003676
    0.23200000000000001177     0.81128400000000000514
    0.23400000000000001354     0.81006500000000003503
    0.23599999999999998757     0.80885200000000001541
    0.23799999999999998934     0.80764599999999997504
    0.23999999999999999112     0.80644499999999996742
    0.24199999999999999289     0.80525100000000005007
    0.24399999999999999467     0.80406200000000005446
    0.24599999999999999645     0.80287900000000000933
    0.24799999999999999822     0.80170200000000002571
    0.25000000000000000000     0.80053200000000002134
    0.25200000000000000178     0.79936700000000004973
    0.25400000000000000355     0.79820800000000002861
    0.25600000000000000533     0.79705499999999995797
    0.25800000000000000711     0.79590700000000003111
    0.26000000000000000888     0.79476599999999997248
    0.26200000000000001066     0.79362999999999994660
    0.26400000000000001243     0.79249999999999998224
    0.26600000000000001421     0.79137599999999996836
    0.26800000000000001599     0.79025800000000001599
    0.27000000000000001776     0.78914499999999998536
    0.27200000000000001954     0.78803800000000001624
    0.27400000000000002132     0.78693699999999999761
    0.27600000000000002309     0.78584100000000001174
    0.27800000000000002487     0.78475099999999997635
    0.28000000000000002665     0.78366700000000000248
    0.28199999999999997291     0.78258799999999995034
    0.28399999999999997469     0.78151499999999995971
    0.28599999999999997646     0.78044700000000000184
    0.28799999999999997824     0.77938499999999999446
    0.28999999999999998002     0.77832900000000004859
    0.29199999999999998179     0.77727800000000002445
    0.29399999999999998357     0.77623200000000003307
    0.29599999999999998535     0.77519199999999999218
    0.29799999999999998712     0.77415800000000001280
    0.29999999999999998890     0.77312899999999995515
    0.30199999999999999067     0.77210500000000004128
    0.30399999999999999245     0.77108699999999996688
    0.30599999999999999423     0.77007400000000003626
    0.30799999999999999600     0.76906699999999994510
    0.30999999999999999778     0.76806399999999996897
    0.31199999999999999956     0.76706799999999997208
    0.31400000000000000133     0.76607599999999997920
    0.31600000000000000311     0.76509000000000004782
    0.31800000000000000488     0.76410900000000003818
    0.32000000000000000666     0.76313299999999995027
    0.32200000000000000844     0.76216300000000003489
    0.32400000000000001021     0.76119800000000004125
    0.32600000000000001199     0.76023799999999996935
    0.32800000000000001377     0.75928300000000004122
    0.33000000000000001554     0.75833399999999995256
    0.33200000000000001732     0.75738899999999997892
    0.33400000000000001910     0.75644999999999995577
    0.33600000000000002087     0.75551599999999996538
    0.33800000000000002265     0.75458700000000000774
    0.34000000000000002442     0.75366299999999997183
    0.34200000000000002620     0.75274399999999996869
    0.34399999999999997247     0.75183100000000002705
    0.34599999999999997424     0.75092199999999997839
    0.34799999999999997602     0.75001799999999996249
    0.34999999999999997780     0.74911899999999997934
    0.35199999999999997957     0.74822599999999994669
    0.35399999999999998135     0.74733700000000002905
    0.35599999999999998312     0.74645300000000003315
    0.35799999999999998490     0.74557399999999995899
    0.35999999999999998668     0.74470000000000002860
    0.36199999999999998845     0.74383100000000001994
    0.36399999999999999023     0.74296700000000004405
    0.36599999999999999201     0.74210799999999998988
    0.36799999999999999378     0.74125399999999996847
    0.36999999999999999556     0.74040399999999995106
    0.37199999999999999734     0.73955999999999999517
    0.37399999999999999911     0.73872000000000004327
    0.37600000000000000089     0.73788500000000001311
    0.37800000000000000266     0.73705399999999998695
    0.38000000000000000444     0.73622900000000002230
    0.38200000000000000622     0.73540799999999995062
    0.38400000000000000799     0.73459200000000002273
    0.38600000000000000977     0.73377999999999998781
    0.38800000000000001155     0.73297400000000001441
    0.39000000000000001332     0.73217200000000004501
    0.39200000000000001510     0.73137499999999999734
    0.39400000000000001688     0.73058199999999995367
    0.39600000000000001865     0.72979400000000005377
    0.39800000000000002043     0.72901000000000004686
    0.40000000000000002220     0.72823199999999999044
    0.40200000000000002398     0.72745700000000002028
    0.40400000000000002576     0.72668800000000000061
    0.40600000000000002753     0.72592299999999998494
    0.40799999999999997380     0.72516199999999997328
    0.40999999999999997558     0.72440599999999999437
    0.41199999999999997735     0.72365500000000004821
    0.41399999999999997913     0.72290799999999999503
    0.41599999999999998090     0.72216499999999994586
    0.41799999999999998268     0.72142700000000004046
    0.41999999999999998446     0.72069399999999994577
    0.42199999999999998623     0.71996400000000004837
    0.42399999999999998801     0.71923999999999999044
    0.42599999999999998979     0.71851900000000001878
    0.42799999999999999156     0.71780299999999996885
    0.42999999999999999334     0.71709199999999995168
    0.43199999999999999512     0.71638500000000004952
    0.43399999999999999689     0.71568200000000004035
    0.43599999999999999867     0.71498300000000003518
    0.43800000000000000044     0.71428899999999995174
    0.44000000000000000222     0.71359899999999998332
    0.44200000000000000400     0.71291400000000004766
    0.44400000000000000577     0.71223199999999997623
    0.44600000000000000755     0.71155500000000004857
    0.44800000000000000933     0.71088200000000001388
    0.45000000000000001110     0.71021400000000001196
    0.45200000000000001288     0.70954899999999998528
    0.45400000000000001465     0.70888899999999999135
    0.45600000000000001643     0.70823300000000000143
    0.45800000000000001821     0.70758100000000001550
    0.46000000000000001998     0.70693399999999995131
    0.46200000000000002176     0.70628999999999997339
    0.46400000000000002354     0.70565100000000002822
    0.46600000000000002531     0.70501499999999994728
    0.46800000000000002709     0.70438400000000001011
    0.46999999999999997335     0.70375699999999996592
    0.47199999999999997513     0.70313400000000003676
    0.47399999999999997691     0.70251500000000000057
    0.47599999999999997868     0.70189999999999996838
    0.47799999999999998046     0.70128900000000005122
    0.47999999999999998224     0.70068200000000002703
    0.48199999999999998401     0.70007900000000000684
    0.48399999999999998579     0.69947999999999999066
    0.48599999999999998757     0.69888499999999997847
    0.48799999999999998934     0.69829399999999997029
    0.48999999999999999112     0.69770699999999996610
    0.49199999999999999289     0.69712399999999996592
    0.49399999999999999467     0.69654400000000005200
    0.49599999999999999645     0.69596899999999994879
    0.49799999999999999822     0.69539799999999996061
    0.50000000000000000000     0.69482999999999994767
    0.50200000000000000178     0.69426600000000004975
    0.50400000000000000355     0.69370600000000004481
    0.50600000000000000533     0.69315000000000004388
    0.50800000000000000711     0.69259800000000004694
    0.51000000000000000888     0.69204900000000002525
    0.51200000000000001066     0.69150500000000003631
    0.51400000000000001243     0.69096400000000002262
    0.51600000000000001421     0.69042700000000001292
    0.51800000000000001599     0.68989299999999997848
    0.52000000000000001776     0.68936399999999997679
    0.52200000000000001954     0.68883799999999995034
    0.52400000000000002132     0.68831500000000001016
    0.52600000000000002309     0.68779699999999999172
    0.52800000000000002487     0.68728199999999994851
    0.53000000000000002665     0.68677100000000002034
    0.53200000000000002842     0.68626299999999995638
    0.53400000000000003020     0.68575900000000000745
    0.53600000000000003197     0.68525899999999995149
    0.53800000000000003375     0.68476199999999998180
    0.54000000000000003553     0.68426900000000001612
    0.54200000000000003730     0.68378000000000005443
    0.54400000000000003908     0.68329399999999995696
    0.54600000000000004086     0.68281099999999994576
    0.54800000000000004263     0.68233299999999996732
    0.55000000000000004441     0.68185700000000004639
    0.55200000000000004619     0.68138500000000001844
    0.55400000000000004796     0.68091699999999999449
    0.55600000000000004974     0.68045199999999994578
    0.55800000000000005151     0.67999100000000001209
    0.56000000000000005329     0.67953300000000005365
    0.56200000000000005507     0.67907899999999998819
    0.56399999999999994582     0.67862800000000000900
    0.56599999999999994760     0.67818000000000000504
    0.56799999999999994937     0.67773600000000000509
    0.56999999999999995115     0.67729499999999998039
    0.57199999999999995293     0.67685799999999995968
    0.57399999999999995470     0.67642400000000002525
    0.57599999999999995648     0.67599299999999995503
    0.57799999999999995826     0.67556599999999999984
    0.57999999999999996003     0.67514200000000001989
    0.58199999999999996181     0.67472100000000001518
    0.58399999999999996358     0.67430400000000001448
    0.58599999999999996536     0.67388999999999998902
    0.58799999999999996714     0.67347900000000004983
    0.58999999999999996891     0.67307099999999997486
    0.59199999999999997069     0.67266700000000001491
    0.59399999999999997247     0.67226600000000003021
    0.59599999999999997424     0.67186800000000002075
    0.59799999999999997602     0.67147400000000001530
    0.59999999999999997780     0.67108199999999995633
    0.60199999999999997957     0.67069400000000001238
    0.60399999999999998135     0.67030900000000004368
    0.60599999999999998312     0.66992700000000005023
    0.60799999999999998490     0.66954800000000003202
    0.60999999999999998668     0.66917300000000001781
    0.61199999999999998845     0.66879999999999995008
    0.61399999999999999023     0.66843099999999999739
    0.61599999999999999201     0.66806500000000001993
    0.61799999999999999378     0.66770099999999998897
    0.61999999999999999556     0.66734099999999996200
    0.62199999999999999734     0.66698400000000002130
    0.62399999999999999911     0.66662999999999994483
    0.62600000000000000089     0.66627899999999995462
    0.62800000000000000266     0.66593100000000005068
    0.63000000000000000444     0.66558600000000001096
    0.63200000000000000622     0.66524399999999994648
    0.63400000000000000799     0.66490499999999996827
    0.63600000000000000977     0.66456899999999996531
    0.63800000000000001155     0.66423600000000004862
    0.64000000000000001332     0.66390599999999999614
    0.64200000000000001510     0.66357900000000002994
    0.64400000000000001688     0.66325500000000003897
    0.64600000000000001865     0.66293299999999999450
    0.64800000000000002043     0.66261499999999995403
    0.65000000000000002220     0.66229899999999997107
    0.65200000000000002398     0.66198599999999996335
    0.65400000000000002576     0.66167600000000004190
    0.65600000000000002753     0.66136899999999998467
    0.65800000000000002931     0.66106500000000001371
    0.66000000000000003109     0.66076400000000001800
    0.66200000000000003286     0.66046499999999996877
    0.66400000000000003464     0.66016900000000000581
    0.66600000000000003642     0.65987600000000001810
    0.66800000000000003819     0.65958600000000000563
    0.67000000000000003997     0.65929800000000005067
    0.67200000000000004174     0.65901399999999998869
    0.67400000000000004352     0.65873099999999995546
    0.67600000000000004530     0.65845200000000003726
    0.67800000000000004707     0.65817499999999995453
    0.68000000000000004885     0.65790099999999995806
    0.68200000000000005063     0.65763000000000004786
    0.68400000000000005240     0.65736099999999997312
    0.68600000000000005418     0.65709600000000001341
    0.68799999999999994493     0.65683199999999997143
    0.68999999999999994671     0.65657100000000001572
    0.69199999999999994849     0.65631300000000003525
    0.69399999999999995026     0.65605800000000003003
    0.69599999999999995204     0.65580499999999997129
    0.69799999999999995381     0.65555499999999999883
    0.69999999999999995559     0.65530699999999997285
    0.70199999999999995737     0.65506100000000000438
    0.70399999999999995914     0.65481900000000003992
    0.70599999999999996092     0.65457900000000002194
    0.70799999999999996270     0.65434099999999995045
    0.70999999999999996447     0.65410599999999996523
    0.71199999999999996625     0.65387300000000003752
    0.71399999999999996803     0.65364299999999997404
    0.71599999999999996980     0.65341499999999996806
    0.71799999999999997158     0.65319000000000004835
    0.71999999999999997335     0.65296699999999996411
    0.72199999999999997513     0.65274699999999996614
    0.72399999999999997691     0.65252900000000002567
    0.72599999999999997868     0.65231300000000003170
    0.72799999999999998046     0.65210000000000001297
    0.72999999999999998224     0.65188900000000005175
    0.73199999999999998401     0.65168000000000003702
    0.73399999999999998579     0.65147399999999999753
    0.73599999999999998757     0.65127000000000001556
    0.73799999999999998934     0.65106900000000000883
    0.73999999999999999112     0.65086999999999994859
    0.74199999999999999289     0.65067299999999994586
    0.74399999999999999467     0.65047800000000000065
    0.74599999999999999645     0.65028600000000003067
    0.74799999999999999822     0.65009600000000000719
    0.75000000000000000000     0.64990800000000004122
    0.75200000000000000178     0.64972300000000005049
    0.75400000000000000355     0.64954000000000000625
    0.75600000000000000533     0.64935799999999999077
    0.75800000000000000711     0.64917999999999997929
    0.76000000000000000888     0.64900299999999999656
    0.76200000000000001066     0.64882799999999996032
    0.76400000000000001243     0.64865600000000001035
    0.76600000000000001421     0.64848600000000000687
    0.76800000000000001599     0.64831799999999994988
    0.77000000000000001776     0.64815199999999995040
    0.77200000000000001954     0.64798800000000000843
    0.77400000000000002132     0.64782600000000001295
    0.77600000000000002309     0.64766699999999999271
    0.77800000000000002487     0.64750900000000000123
    0.78000000000000002665     0.64735399999999998499
    0.78200000000000002842     0.64719999999999999751
    0.78400000000000003020     0.64704899999999998528
    0.78600000000000003197     0.64690000000000003055
    0.78800000000000003375     0.64675199999999999356
    0.79000000000000003553     0.64660700000000004284
    0.79200000000000003730     0.64646400000000003860
    0.79400000000000003908     0.64632199999999995210
    0.79600000000000004086     0.64618299999999995187
    0.79800000000000004263     0.64604600000000000914
    0.80000000000000004441     0.64590999999999998415
    0.80200000000000004619     0.64577700000000004543
    0.80400000000000004796     0.64564500000000002444
    0.80600000000000004974     0.64551499999999994994
    0.80800000000000005151     0.64538799999999996171
    0.81000000000000005329     0.64526200000000000223
    0.81200000000000005507     0.64513799999999998924
    0.81399999999999994582     0.64501600000000003376
    0.81599999999999994760     0.64489499999999999602
    0.81799999999999994937     0.64477700000000004454
    0.81999999999999995115     0.64466000000000001080
    0.82199999999999995293     0.64454500000000003457
    0.82399999999999995470     0.64443200000000000482
    0.82599999999999995648     0.64432100000000003259
    0.82799999999999995826     0.64421200000000000685
    0.82999999999999996003     0.64410400000000000986
    0.83199999999999996181     0.64399799999999995936
    0.83399999999999996358     0.64389399999999996638
    0.83599999999999996536     0.64379100000000000215
    0.83799999999999996714     0.64368999999999998440
    0.83999999999999996891     0.64359100000000002417
    0.84199999999999997069     0.64349400000000001043
    0.84399999999999997247     0.64339800000000002544
    0.84599999999999997424     0.64330399999999998695
    0.84799999999999997602     0.64321200000000000596
    0.84999999999999997780     0.64312100000000005373
    0.85199999999999997957     0.64303200000000004799
    0.85399999999999998135     0.64294499999999998874
    0.85599999999999998312     0.64285899999999995824
    0.85799999999999998490     0.64277499999999998526
    0.85999999999999998668     0.64269200000000004103
    0.86199999999999998845     0.64261100000000004329
    0.86399999999999999023     0.64253099999999996328
    0.86599999999999999201     0.64245300000000005181
    0.86799999999999999378     0.64237699999999997580
    0.86999999999999999556     0.64230200000000003957
    0.87199999999999999734     0.64222900000000004983
    0.87399999999999999911     0.64215699999999997782
    0.87600000000000000089     0.64208600000000004560
    0.87800000000000000266     0.64201699999999994883
    0.88000000000000000444     0.64195000000000002061
    0.88200000000000000622     0.64188400000000001011
    0.88400000000000000799     0.64181999999999994611
    0.88600000000000000977     0.64175599999999999312
    0.88800000000000001155     0.64169500000000001538
    0.89000000000000001332     0.64163400000000003764
    0.89200000000000001510     0.64157600000000003515
    0.89400000000000001688     0.64151800000000003266
    0.89600000000000001865     0.64146199999999997665
    0.89800000000000002043     0.64140699999999994940
    0.90000000000000002220     0.64135399999999997966
    0.90200000000000002398     0.64130200000000003868
    0.90400000000000002576     0.64125100000000001543
    0.90600000000000002753     0.64120200000000004970
    0.90800000000000002931     0.64115299999999997294
    0.91000000000000003109     0.64110699999999998244
    0.91200000000000003286     0.64106099999999999195
    0.91400000000000003464     0.64101699999999994795
    0.91600000000000003642     0.64097400000000004372
    0.91800000000000003819     0.64093199999999994620
    0.92000000000000003997     0.64089099999999998847
    0.92200000000000004174     0.64085199999999997722
    0.92400000000000004352     0.64081399999999999473
    0.92600000000000004530     0.64077700000000004099
    0.92800000000000004707     0.64074100000000000499
    0.93000000000000004885     0.64070700000000002650
    0.93200000000000005063     0.64067300000000004800
    0.93400000000000005240     0.64064100000000001600
    0.93600000000000005418     0.64061000000000001275
    0.93799999999999994493     0.64058000000000003826
    0.93999999999999994671     0.64055099999999998150
    0.94199999999999994849     0.64052399999999998226
    0.94399999999999995026     0.64049699999999998301
    0.94599999999999995204     0.64047200000000004128
    0.94799999999999995381     0.64044699999999998852
    0.94999999999999995559     0.64042399999999999327
    0.95199999999999995737     0.64040099999999999802
    0.95399999999999995914     0.64037999999999994927
    0.95599999999999996092     0.64036000000000004029
    0.95799999999999996270     0.64034100000000004904
    0.95999999999999996447     0.64032199999999994677
    0.96199999999999996625     0.64030500000000001304
    0.96399999999999996803     0.64028899999999999704
    0.96599999999999996980     0.64027400000000000979
    0.96799999999999997158     0.64025900000000002255
    0.96999999999999997335     0.64024599999999998179
    0.97199999999999997513     0.64023399999999996979
    0.97399999999999997691     0.64022199999999995779
    0.97599999999999997868     0.64021200000000000330
    0.97799999999999998046     0.64020200000000004881
    0.97999999999999998224     0.64019300000000001205
    0.98199999999999998401     0.64018500000000000405
    0.98399999999999998579     0.64017800000000002481
    0.98599999999999998757     0.64017199999999996329
    0.98799999999999998934     0.64016700000000004156
    0.98999999999999999112     0.64016200000000000880
    0.99199999999999999289     0.64015900000000003356
    0.99399999999999999467     0.64015599999999994729
    0.99599999999999999645     0.64015400000000000080
    0.99799999999999999822     0.64015299999999997205
    1.00000000000000000000     0.64015200000000005431
    1.00200000000000000178     0.64015299999999997205
