       x      Css
    0.00000000000000000000     1.00000000000000000000
    0.00200000000000000004     0.99960800000000005205
    0.00400000000000000008     0.99921700000000002184
    0.00600000000000000012     0.99882499999999996287
    0.00800000000000000017     0.99843400000000004368
    0.01000000000000000021     0.99804300000000001347
    0.01200000000000000025     0.99765199999999998326
    0.01400000000000000029     0.99726199999999998180
    0.01600000000000000033     0.99687099999999995159
    0.01799999999999999864     0.99648099999999995013
    0.02000000000000000042     0.99609000000000003094
    0.02199999999999999872     0.99570000000000002949
    0.02400000000000000050     0.99531000000000002803
    0.02599999999999999881     0.99492000000000002657
    0.02800000000000000058     0.99453100000000005387
    0.02999999999999999889     0.99414100000000005242
    0.03200000000000000067     0.99375199999999996869
    0.03400000000000000244     0.99336299999999999599
    0.03599999999999999728     0.99297400000000002329
    0.03799999999999999906     0.99258500000000005059
    0.04000000000000000083     0.99219599999999996687
    0.04200000000000000261     0.99180699999999999417
    0.04399999999999999745     0.99141900000000005022
    0.04599999999999999922     0.99103099999999999525
    0.04800000000000000100     0.99064200000000002255
    0.05000000000000000278     0.99025399999999996759
    0.05199999999999999761     0.98986700000000005240
    0.05399999999999999939     0.98947899999999999743
    0.05600000000000000117     0.98909100000000005348
    0.05800000000000000294     0.98870400000000002727
    0.05999999999999999778     0.98831700000000000106
    0.06199999999999999956     0.98792999999999997485
    0.06400000000000000133     0.98754299999999994863
    0.06600000000000000311     0.98715600000000003345
    0.06800000000000000488     0.98676900000000000723
    0.07000000000000000666     0.98638300000000000978
    0.07199999999999999456     0.98599700000000001232
    0.07399999999999999634     0.98561100000000001486
    0.07599999999999999811     0.98522500000000001741
    0.07799999999999999989     0.98483900000000001995
    0.08000000000000000167     0.98445300000000002250
    0.08200000000000000344     0.98406700000000002504
    0.08400000000000000522     0.98368199999999994532
    0.08599999999999999312     0.98329699999999997662
    0.08799999999999999489     0.98291200000000000792
    0.08999999999999999667     0.98252700000000003921
    0.09199999999999999845     0.98214199999999995949
    0.09400000000000000022     0.98175699999999999079
    0.09600000000000000200     0.98137300000000005085
    0.09800000000000000377     0.98098899999999999988
    0.10000000000000000555     0.98060400000000003118
    0.10199999999999999345     0.98021999999999998021
    0.10399999999999999523     0.97983600000000004027
    0.10599999999999999700     0.97945300000000001805
    0.10799999999999999878     0.97906899999999996709
    0.11000000000000000056     0.97868599999999994488
    0.11200000000000000233     0.97830200000000000493
    0.11400000000000000411     0.97791899999999998272
    0.11600000000000000588     0.97753599999999996051
    0.11799999999999999378     0.97715399999999996705
    0.11999999999999999556     0.97677099999999994484
    0.12199999999999999734     0.97638800000000003365
    0.12399999999999999911     0.97600600000000004020
    0.12600000000000000089     0.97562400000000004674
    0.12800000000000000266     0.97524200000000005328
    0.13000000000000000444     0.97485999999999994881
    0.13200000000000000622     0.97447799999999995535
    0.13400000000000000799     0.97409599999999996189
    0.13600000000000000977     0.97371499999999999719
    0.13800000000000001155     0.97333400000000003249
    0.14000000000000001332     0.97295299999999995677
    0.14199999999999998734     0.97257199999999999207
    0.14399999999999998912     0.97219100000000002737
    0.14599999999999999090     0.97180999999999995165
    0.14799999999999999267     0.97142899999999998695
    0.14999999999999999445     0.97104900000000005100
    0.15199999999999999623     0.97066900000000000404
    0.15399999999999999800     0.97028899999999995707
    0.15599999999999999978     0.96990900000000002112
    0.15800000000000000155     0.96952899999999997416
    0.16000000000000000333     0.96914900000000003821
    0.16200000000000000511     0.96877000000000002000
    0.16400000000000000688     0.96838999999999997303
    0.16600000000000000866     0.96801099999999995482
    0.16800000000000001044     0.96763200000000004763
    0.17000000000000001221     0.96725300000000002942
    0.17199999999999998623     0.96687500000000003997
    0.17399999999999998801     0.96649600000000002176
    0.17599999999999998979     0.96611800000000003230
    0.17799999999999999156     0.96573900000000001409
    0.17999999999999999334     0.96536100000000002463
    0.18199999999999999512     0.96498300000000003518
    0.18399999999999999689     0.96460500000000004572
    0.18599999999999999867     0.96422799999999997400
    0.18800000000000000044     0.96384999999999998455
    0.19000000000000000222     0.96347300000000002385
    0.19200000000000000400     0.96309599999999995212
    0.19400000000000000577     0.96271799999999996267
    0.19600000000000000755     0.96234200000000003072
    0.19800000000000000933     0.96196499999999995900
    0.20000000000000001110     0.96158799999999999830
    0.20200000000000001288     0.96121199999999995534
    0.20399999999999998690     0.96083499999999999464
    0.20599999999999998868     0.96045899999999995167
    0.20799999999999999045     0.96008300000000001972
    0.20999999999999999223     0.95970699999999997676
    0.21199999999999999400     0.95933100000000004481
    0.21399999999999999578     0.95895600000000003060
    0.21599999999999999756     0.95857999999999998764
    0.21799999999999999933     0.95820499999999997343
    0.22000000000000000111     0.95782999999999995921
    0.22200000000000000289     0.95745499999999994500
    0.22400000000000000466     0.95708000000000004182
    0.22600000000000000644     0.95670599999999994534
    0.22800000000000000822     0.95633100000000004215
    0.23000000000000000999     0.95595699999999994567
    0.23200000000000001177     0.95558200000000004248
    0.23400000000000001354     0.95520799999999994601
    0.23599999999999998757     0.95483499999999998931
    0.23799999999999998934     0.95446100000000000385
    0.23999999999999999112     0.95408700000000001840
    0.24199999999999999289     0.95371399999999995067
    0.24399999999999999467     0.95333999999999996522
    0.24599999999999999645     0.95296700000000000852
    0.24799999999999999822     0.95259400000000005182
    0.25000000000000000000     0.95222099999999998410
    0.25200000000000000178     0.95184899999999994513
    0.25400000000000000355     0.95147599999999998843
    0.25600000000000000533     0.95110399999999994947
    0.25800000000000000711     0.95073099999999999277
    0.26000000000000000888     0.95035899999999995380
    0.26200000000000001066     0.94998700000000002586
    0.26400000000000001243     0.94961600000000001565
    0.26600000000000001421     0.94924399999999997668
    0.26800000000000001599     0.94887200000000004874
    0.27000000000000001776     0.94850100000000003853
    0.27200000000000001954     0.94813000000000002832
    0.27400000000000002132     0.94775900000000001810
    0.27600000000000002309     0.94738800000000000789
    0.27800000000000002487     0.94701699999999999768
    0.28000000000000002665     0.94664700000000001623
    0.28199999999999997291     0.94627600000000000602
    0.28399999999999997469     0.94590600000000002456
    0.28599999999999997646     0.94553600000000004311
    0.28799999999999997824     0.94516599999999995063
    0.28999999999999998002     0.94479599999999996918
    0.29199999999999998179     0.94442599999999998772
    0.29399999999999998357     0.94405700000000003502
    0.29599999999999998535     0.94368700000000005357
    0.29799999999999998712     0.94331799999999998985
    0.29999999999999998890     0.94294900000000003715
    0.30199999999999999067     0.94257999999999997343
    0.30399999999999999245     0.94221100000000002073
    0.30599999999999999423     0.94184299999999998576
    0.30799999999999999600     0.94147400000000003306
    0.30999999999999999778     0.94110599999999999810
    0.31199999999999999956     0.94073799999999996313
    0.31400000000000000133     0.94037000000000003919
    0.31600000000000000311     0.94000200000000000422
    0.31800000000000000488     0.93963399999999996925
    0.32000000000000000666     0.93926699999999996304
    0.32200000000000000844     0.93889900000000003910
    0.32400000000000001021     0.93853200000000003289
    0.32600000000000001199     0.93816500000000002668
    0.32800000000000001377     0.93779800000000002047
    0.33000000000000001554     0.93743100000000001426
    0.33200000000000001732     0.93706500000000003681
    0.33400000000000001910     0.93669800000000003060
    0.33600000000000002087     0.93633200000000005314
    0.33800000000000002265     0.93596599999999996466
    0.34000000000000002442     0.93559999999999998721
    0.34200000000000002620     0.93523400000000000976
    0.34399999999999997247     0.93486800000000003230
    0.34599999999999997424     0.93450299999999997258
    0.34799999999999997602     0.93413699999999999513
    0.34999999999999997780     0.93377200000000004643
    0.35199999999999997957     0.93340699999999998671
    0.35399999999999998135     0.93304200000000003801
    0.35599999999999998312     0.93267699999999997829
    0.35799999999999998490     0.93231299999999994732
    0.35999999999999998668     0.93194799999999999862
    0.36199999999999998845     0.93158399999999996766
    0.36399999999999999023     0.93122000000000004771
    0.36599999999999999201     0.93085600000000001675
    0.36799999999999999378     0.93049199999999998578
    0.36999999999999999556     0.93012799999999995482
    0.37199999999999999734     0.92976499999999995261
    0.37399999999999999911     0.92940199999999995040
    0.37600000000000000089     0.92903800000000003045
    0.37800000000000000266     0.92867500000000002824
    0.38000000000000000444     0.92831300000000005479
    0.38200000000000000622     0.92795000000000005258
    0.38400000000000000799     0.92758700000000005037
    0.38600000000000000977     0.92722499999999996589
    0.38800000000000001155     0.92686299999999999244
    0.39000000000000001332     0.92650100000000001899
    0.39200000000000001510     0.92613900000000004553
    0.39400000000000001688     0.92577699999999996106
    0.39600000000000001865     0.92541499999999998760
    0.39800000000000002043     0.92505400000000004290
    0.40000000000000002220     0.92469299999999998718
    0.40200000000000002398     0.92433200000000004248
    0.40400000000000002576     0.92397099999999998676
    0.40600000000000002753     0.92361000000000004206
    0.40799999999999997380     0.92324899999999998634
    0.40999999999999997558     0.92288899999999995938
    0.41199999999999997735     0.92252900000000004344
    0.41399999999999997913     0.92216900000000001647
    0.41599999999999998090     0.92180899999999998951
    0.41799999999999998268     0.92144899999999996254
    0.41999999999999998446     0.92108900000000004660
    0.42199999999999998623     0.92073000000000004839
    0.42399999999999998801     0.92037100000000005018
    0.42599999999999998979     0.92001100000000002321
    0.42799999999999999156     0.91965200000000002500
    0.42999999999999999334     0.91929399999999994453
    0.43199999999999999512     0.91893499999999994632
    0.43399999999999999689     0.91857699999999997686
    0.43599999999999999867     0.91821799999999997866
    0.43800000000000000044     0.91786000000000000920
    0.44000000000000000222     0.91750200000000003975
    0.44200000000000000400     0.91714499999999998803
    0.44400000000000000577     0.91678700000000001857
    0.44600000000000000755     0.91642999999999996685
    0.44800000000000000933     0.91607199999999999740
    0.45000000000000001110     0.91571499999999994568
    0.45200000000000001288     0.91535800000000000498
    0.45400000000000001465     0.91500199999999998202
    0.45600000000000001643     0.91464500000000004132
    0.45800000000000001821     0.91428900000000001835
    0.46000000000000001998     0.91393199999999996663
    0.46200000000000002176     0.91357600000000005469
    0.46400000000000002354     0.91322099999999994946
    0.46600000000000002531     0.91286500000000003752
    0.46800000000000002709     0.91250900000000001455
    0.46999999999999997335     0.91215400000000002034
    0.47199999999999997513     0.91179900000000002613
    0.47399999999999997691     0.91144400000000003192
    0.47599999999999997868     0.91108900000000003772
    0.47799999999999998046     0.91073499999999996124
    0.47999999999999998224     0.91037999999999996703
    0.48199999999999998401     0.91002600000000000158
    0.48399999999999998579     0.90967200000000003612
    0.48599999999999998757     0.90931799999999995965
    0.48799999999999998934     0.90896399999999999419
    0.48999999999999999112     0.90861099999999994647
    0.49199999999999999289     0.90825800000000000978
    0.49399999999999999467     0.90790400000000004432
    0.49599999999999999645     0.90755099999999999660
    0.49799999999999999822     0.90719899999999997764
    0.50000000000000000000     0.90684600000000004094
    0.50200000000000000178     0.90649400000000002198
    0.50400000000000000355     0.90614200000000000301
    0.50600000000000000533     0.90578999999999998405
    0.50800000000000000711     0.90543799999999996508
    0.51000000000000000888     0.90508599999999994612
    0.51200000000000001066     0.90473499999999995591
    0.51400000000000001243     0.90438399999999996570
    0.51600000000000001421     0.90403299999999997549
    0.51800000000000001599     0.90368199999999998528
    0.52000000000000001776     0.90333099999999999508
    0.52200000000000001954     0.90298100000000003362
    0.52400000000000002132     0.90263099999999996115
    0.52600000000000002309     0.90228099999999999969
    0.52800000000000002487     0.90193100000000003824
    0.53000000000000002665     0.90158199999999999452
    0.53200000000000002842     0.90123200000000003307
    0.53400000000000003020     0.90088299999999998935
    0.53600000000000003197     0.90053399999999994563
    0.53800000000000003375     0.90018500000000001293
    0.54000000000000003553     0.89983699999999999797
    0.54200000000000003730     0.89948899999999998300
    0.54400000000000003908     0.89914099999999996804
    0.54600000000000004086     0.89879299999999995308
    0.54800000000000004263     0.89844500000000004913
    0.55000000000000004441     0.89809799999999995190
    0.55200000000000004619     0.89775099999999996569
    0.55400000000000004796     0.89740399999999997949
    0.55600000000000004974     0.89705699999999999328
    0.55800000000000005151     0.89671000000000000707
    0.56000000000000005329     0.89636400000000004962
    0.56200000000000005507     0.89601799999999998114
    0.56399999999999994582     0.89567200000000002369
    0.56599999999999994760     0.89532699999999998397
    0.56799999999999994937     0.89498100000000002652
    0.56999999999999995115     0.89463599999999998680
    0.57199999999999995293     0.89429099999999994708
    0.57399999999999995470     0.89394700000000004714
    0.57599999999999995648     0.89360200000000000742
    0.57799999999999995826     0.89325799999999999645
    0.57999999999999996003     0.89291399999999998549
    0.58199999999999996181     0.89256999999999997453
    0.58399999999999996358     0.89222699999999999232
    0.58599999999999996536     0.89188400000000001011
    0.58799999999999996714     0.89154100000000002790
    0.58999999999999996891     0.89119800000000004570
    0.59199999999999997069     0.89085599999999998122
    0.59399999999999997247     0.89051400000000002777
    0.59599999999999997424     0.89017199999999996329
    0.59799999999999997602     0.88983100000000003860
    0.59999999999999997780     0.88948899999999997412
    0.60199999999999997957     0.88914800000000004943
    0.60399999999999998135     0.88880700000000001371
    0.60599999999999998312     0.88846700000000000674
    0.60799999999999998490     0.88812699999999999978
    0.60999999999999998668     0.88778699999999999282
    0.61199999999999998845     0.88744699999999998585
    0.61399999999999999023     0.88710800000000000765
    0.61599999999999999201     0.88676900000000002944
    0.61799999999999999378     0.88643000000000005123
    0.61999999999999999556     0.88609199999999999076
    0.62199999999999999734     0.88575400000000004130
    0.62399999999999999911     0.88541599999999998083
    0.62600000000000000089     0.88507800000000003138
    0.62800000000000000266     0.88474099999999999966
    0.63000000000000000444     0.88440399999999996794
    0.63200000000000000622     0.88406700000000004724
    0.63400000000000000799     0.88373100000000004428
    0.63600000000000000977     0.88339500000000004132
    0.63800000000000001155     0.88305999999999995609
    0.64000000000000001332     0.88272399999999995313
    0.64200000000000001510     0.88238899999999997892
    0.64400000000000001688     0.88205500000000003347
    0.64600000000000001865     0.88171999999999994824
    0.64800000000000002043     0.88138600000000000279
    0.65000000000000002220     0.88105299999999997507
    0.65200000000000002398     0.88071999999999994735
    0.65400000000000002576     0.88038700000000003065
    0.65600000000000002753     0.88005400000000000293
    0.65800000000000002931     0.87972200000000000397
    0.66000000000000003109     0.87939000000000000501
    0.66200000000000003286     0.87905900000000003480
    0.66400000000000003464     0.87872799999999995357
    0.66600000000000003642     0.87839699999999998337
    0.66800000000000003819     0.87806700000000004191
    0.67000000000000003997     0.87773699999999998944
    0.67200000000000004174     0.87740799999999996572
    0.67400000000000004352     0.87707900000000005303
    0.67600000000000004530     0.87675000000000002931
    0.67800000000000004707     0.87642200000000003435
    0.68000000000000004885     0.87609400000000003939
    0.68200000000000005063     0.87576699999999996216
    0.68400000000000005240     0.87543999999999999595
    0.68600000000000005418     0.87511300000000002974
    0.68799999999999994493     0.87478699999999998127
    0.68999999999999994671     0.87446199999999996155
    0.69199999999999994849     0.87413700000000005286
    0.69399999999999995026     0.87381200000000003314
    0.69599999999999995204     0.87348800000000004218
    0.69799999999999995381     0.87316400000000005122
    0.69999999999999995559     0.87284099999999997799
    0.70199999999999995737     0.87251800000000001578
    0.70399999999999995914     0.87219599999999997131
    0.70599999999999996092     0.87187400000000003786
    0.70799999999999996270     0.87155300000000002214
    0.70999999999999996447     0.87123200000000000642
    0.71199999999999996625     0.87091200000000001946
    0.71399999999999996803     0.87059200000000003250
    0.71599999999999996980     0.87027299999999996327
    0.71799999999999997158     0.86995400000000000507
    0.71999999999999997335     0.86963599999999996459
    0.72199999999999997513     0.86931800000000003514
    0.72399999999999997691     0.86900100000000002343
    0.72599999999999997868     0.86868500000000004047
    0.72799999999999998046     0.86836899999999994648
    0.72999999999999998224     0.86805399999999999228
    0.73199999999999998401     0.86773900000000003807
    0.73399999999999998579     0.86742500000000000160
    0.73599999999999998757     0.86711199999999999388
    0.73799999999999998934     0.86679899999999998617
    0.73999999999999999112     0.86648700000000000720
    0.74199999999999999289     0.86617599999999994598
    0.74399999999999999467     0.86586499999999999577
    0.74599999999999999645     0.86555499999999996330
    0.74799999999999999822     0.86524599999999995958
    0.75000000000000000000     0.86493699999999995587
    0.75200000000000000178     0.86462899999999998091
    0.75400000000000000355     0.86432100000000000595
    0.75600000000000000533     0.86401499999999997748
    0.75800000000000000711     0.86370899999999994900
    0.76000000000000000888     0.86340399999999994929
    0.76200000000000001066     0.86309899999999994957
    0.76400000000000001243     0.86279600000000000737
    0.76600000000000001421     0.86249299999999995414
    0.76800000000000001599     0.86219100000000004069
    0.77000000000000001776     0.86189000000000004498
    0.77200000000000001954     0.86158900000000004926
    0.77400000000000002132     0.86129000000000000004
    0.77600000000000002309     0.86099099999999995081
    0.77800000000000002487     0.86069300000000004136
    0.78000000000000002665     0.86039600000000004965
    0.78200000000000002842     0.86009999999999997566
    0.78400000000000003020     0.85980500000000004146
    0.78600000000000003197     0.85950999999999999623
    0.78800000000000003375     0.85921700000000000852
    0.79000000000000003553     0.85892500000000004956
    0.79200000000000003730     0.85863299999999997958
    0.79400000000000003908     0.85834299999999996711
    0.79600000000000004086     0.85805299999999995464
    0.79800000000000004263     0.85776499999999999968
    0.80000000000000004441     0.85747700000000004472
    0.80200000000000004619     0.85719100000000003625
    0.80400000000000004796     0.85690599999999994552
    0.80600000000000004974     0.85662099999999996580
    0.80800000000000005151     0.85633800000000004360
    0.81000000000000005329     0.85605600000000003913
    0.81200000000000005507     0.85577499999999995239
    0.81399999999999994582     0.85549600000000003419
    0.81599999999999994760     0.85521700000000000497
    0.81799999999999994937     0.85494000000000003325
    0.81999999999999995115     0.85466299999999995052
    0.82199999999999995293     0.85438899999999995405
    0.82399999999999995470     0.85411499999999995758
    0.82599999999999995648     0.85384199999999998987
    0.82799999999999995826     0.85357099999999996864
    0.82999999999999996003     0.85330200000000000493
    0.83199999999999996181     0.85303300000000004122
    0.83399999999999996358     0.85276600000000002400
    0.83599999999999996536     0.85250099999999995326
    0.83799999999999996714     0.85223599999999999355
    0.83999999999999996891     0.85197299999999998033
    0.84199999999999997069     0.85171200000000002461
    0.84399999999999997247     0.85145199999999998663
    0.84599999999999997424     0.85119400000000000617
    0.84799999999999997602     0.85093700000000005446
    0.84999999999999997780     0.85068200000000004923
    0.85199999999999997957     0.85042799999999996174
    0.85399999999999998135     0.85017600000000004279
    0.85599999999999998312     0.84992599999999995930
    0.85799999999999998490     0.84967800000000004434
    0.85999999999999998668     0.84943100000000004712
    0.86199999999999998845     0.84918499999999996763
    0.86399999999999999023     0.84894199999999997441
    0.86599999999999999201     0.84870100000000003870
    0.86799999999999999378     0.84846100000000002073
    0.86999999999999999556     0.84822299999999994924
    0.87199999999999999734     0.84798700000000004628
    0.87399999999999999911     0.84775299999999997880
    0.87600000000000000089     0.84752099999999996882
    0.87800000000000000266     0.84729100000000001636
    0.88000000000000000444     0.84706300000000001038
    0.88200000000000000622     0.84683699999999995089
    0.88400000000000000799     0.84661299999999994892
    0.88600000000000000977     0.84639200000000003321
    0.88800000000000001155     0.84617200000000003524
    0.89000000000000001332     0.84595500000000001251
    0.89200000000000001510     0.84574000000000004729
    0.89400000000000001688     0.84552799999999994629
    0.89600000000000001865     0.84531800000000001383
    0.89800000000000002043     0.84511000000000002785
    0.90000000000000002220     0.84490500000000001712
    0.90200000000000002398     0.84470199999999995288
    0.90400000000000002576     0.84450099999999994616
    0.90600000000000002753     0.84430400000000005445
    0.90800000000000002931     0.84410899999999999821
    0.91000000000000003109     0.84391599999999999948
    0.91200000000000003286     0.84372700000000000475
    0.91400000000000003464     0.84353999999999995651
    0.91600000000000003642     0.84335599999999999454
    0.91800000000000003819     0.84317500000000000782
    0.92000000000000003997     0.84299599999999996758
    0.92200000000000004174     0.84282100000000004236
    0.92400000000000004352     0.84264899999999998137
    0.92600000000000004530     0.84248000000000000664
    0.92800000000000004707     0.84231400000000000716
    0.93000000000000004885     0.84215099999999998293
    0.93200000000000005063     0.84199199999999996269
    0.93400000000000005240     0.84183600000000002872
    0.93600000000000005418     0.84168299999999995897
    0.93799999999999994493     0.84153400000000000425
    0.93999999999999994671     0.84138800000000002477
    0.94199999999999994849     0.84124600000000004929
    0.94399999999999995026     0.84110700000000004906
    0.94599999999999995204     0.84097299999999997056
    0.94799999999999995381     0.84084199999999997832
    0.94999999999999995559     0.84071499999999999009
    0.95199999999999995737     0.84059200000000000585
    0.95399999999999995914     0.84047199999999999687
    0.95599999999999996092     0.84035700000000002063
    0.95799999999999996270     0.84024699999999996614
    0.95999999999999996447     0.84013999999999999790
    0.96199999999999996625     0.84003799999999995141
    0.96399999999999996803     0.83994000000000001993
    0.96599999999999996980     0.83984599999999998143
    0.96799999999999997158     0.83975699999999997569
    0.96999999999999997335     0.83967300000000000271
    0.97199999999999997513     0.83959300000000003372
    0.97399999999999997691     0.83951900000000001523
    0.97599999999999997868     0.83944900000000000073
    0.97799999999999998046     0.83938400000000001899
    0.97999999999999998224     0.83932499999999998774
    0.98199999999999998401     0.83926999999999996049
    0.98399999999999998579     0.83922099999999999476
    0.98599999999999998757     0.83917699999999995075
    0.98799999999999998934     0.83913899999999996826
    0.98999999999999999112     0.83910600000000001852
    0.99199999999999999289     0.83907900000000001928
    0.99399999999999999467     0.83905799999999997052
    0.99599999999999999645     0.83904299999999998327
    0.99799999999999999822     0.83903300000000002878
    1.00000000000000000000     0.83903000000000005354
    1.00200000000000000178     0.83903300000000002878
