       x      Css
    0.00000000000000000000     1.00000000000000000000
    0.00200000000000000004     0.99815799999999998970
    0.00400000000000000008     0.99631999999999998341
    0.00600000000000000012     0.99448700000000000987
    0.00800000000000000017     0.99265700000000001157
    0.01000000000000000021     0.99083100000000001728
    0.01200000000000000025     0.98900900000000002699
    0.01400000000000000029     0.98719100000000004069
    0.01600000000000000033     0.98537699999999994738
    0.01799999999999999864     0.98356699999999996908
    0.02000000000000000042     0.98176099999999999479
    0.02199999999999999872     0.97995900000000002450
    0.02400000000000000050     0.97816000000000002945
    0.02599999999999999881     0.97636599999999995614
    0.02800000000000000058     0.97457499999999996909
    0.02999999999999999889     0.97278900000000001480
    0.03200000000000000067     0.97100600000000003575
    0.03400000000000000244     0.96922699999999994969
    0.03599999999999999728     0.96745199999999997864
    0.03799999999999999906     0.96568100000000001160
    0.04000000000000000083     0.96391400000000004855
    0.04200000000000000261     0.96215099999999997848
    0.04399999999999999745     0.96039200000000002344
    0.04599999999999999922     0.95863600000000004364
    0.04800000000000000100     0.95688399999999995682
    0.05000000000000000278     0.95513599999999998502
    0.05199999999999999761     0.95339200000000001722
    0.05399999999999999939     0.95165200000000005343
    0.05600000000000000117     0.94991599999999998261
    0.05800000000000000294     0.94818400000000002681
    0.05999999999999999778     0.94645500000000004626
    0.06199999999999999956     0.94472999999999995868
    0.06400000000000000133     0.94300899999999998613
    0.06600000000000000311     0.94129200000000001758
    0.06800000000000000488     0.93957900000000005303
    0.07000000000000000666     0.93786899999999995270
    0.07199999999999999456     0.93616299999999996739
    0.07399999999999999634     0.93446099999999998609
    0.07599999999999999811     0.93276300000000000878
    0.07799999999999999989     0.93106900000000003548
    0.08000000000000000167     0.92937800000000003742
    0.08200000000000000344     0.92769100000000004336
    0.08400000000000000522     0.92600800000000005330
    0.08599999999999999312     0.92432899999999995622
    0.08799999999999999489     0.92265299999999994540
    0.08999999999999999667     0.92098100000000004961
    0.09199999999999999845     0.91931300000000004680
    0.09400000000000000022     0.91764900000000004798
    0.09600000000000000200     0.91598800000000002441
    0.09800000000000000377     0.91433200000000003360
    0.10000000000000000555     0.91267900000000001803
    0.10199999999999999345     0.91102899999999997771
    0.10399999999999999523     0.90938399999999997014
    0.10599999999999999700     0.90774200000000004884
    0.10799999999999999878     0.90610299999999999176
    0.11000000000000000056     0.90446899999999996744
    0.11200000000000000233     0.90283800000000002939
    0.11400000000000000411     0.90121099999999998431
    0.11600000000000000588     0.89958800000000005426
    0.11799999999999999378     0.89796799999999998843
    0.11999999999999999556     0.89635200000000003762
    0.12199999999999999734     0.89473999999999997979
    0.12399999999999999911     0.89313100000000000822
    0.12600000000000000089     0.89152600000000004066
    0.12800000000000000266     0.88992499999999996607
    0.13000000000000000444     0.88832699999999997775
    0.13200000000000000622     0.88673299999999999343
    0.13400000000000000799     0.88514300000000001312
    0.13600000000000000977     0.88355600000000000804
    0.13800000000000001155     0.88197300000000000697
    0.14000000000000001332     0.88039400000000000990
    0.14199999999999998734     0.87881799999999998807
    0.14399999999999998912     0.87724599999999997024
    0.14599999999999999090     0.87567700000000003868
    0.14799999999999999267     0.87411300000000002886
    0.14999999999999999445     0.87255099999999996552
    0.15199999999999999623     0.87099400000000004596
    0.15399999999999999800     0.86943999999999999062
    0.15599999999999999978     0.86788900000000002155
    0.15800000000000000155     0.86634299999999997421
    0.16000000000000000333     0.86480000000000001315
    0.16200000000000000511     0.86326000000000002732
    0.16400000000000000688     0.86172400000000004550
    0.16600000000000000866     0.86019199999999995665
    0.16800000000000001044     0.85866299999999995407
    0.17000000000000001221     0.85713799999999995549
    0.17199999999999998623     0.85561600000000004318
    0.17399999999999998801     0.85409800000000002385
    0.17599999999999998979     0.85258400000000000851
    0.17799999999999999156     0.85107299999999996842
    0.17999999999999999334     0.84956600000000004336
    0.18199999999999999512     0.84806199999999998251
    0.18399999999999999689     0.84656200000000003669
    0.18599999999999999867     0.84506499999999995509
    0.18800000000000000044     0.84357199999999998852
    0.19000000000000000222     0.84208300000000002594
    0.19200000000000000400     0.84059700000000003861
    0.19400000000000000577     0.83911500000000005528
    0.19600000000000000755     0.83763600000000004719
    0.19800000000000000933     0.83616000000000001435
    0.20000000000000001110     0.83468900000000001427
    0.20200000000000001288     0.83321999999999996067
    0.20399999999999998690     0.83175600000000005085
    0.20599999999999998868     0.83029399999999997650
    0.20799999999999999045     0.82883700000000004593
    0.20999999999999999223     0.82738299999999997958
    0.21199999999999999400     0.82593199999999999950
    0.21399999999999999578     0.82448500000000002341
    0.21599999999999999756     0.82304100000000002257
    0.21799999999999999933     0.82160100000000002574
    0.22000000000000000111     0.82016400000000000414
    0.22200000000000000289     0.81873099999999998655
    0.22400000000000000466     0.81730199999999997296
    0.22600000000000000644     0.81587500000000001688
    0.22800000000000000822     0.81445299999999998253
    0.23000000000000000999     0.81303400000000003445
    0.23200000000000001177     0.81161799999999995059
    0.23400000000000001354     0.81020599999999998175
    0.23599999999999998757     0.80879699999999998816
    0.23799999999999998934     0.80739199999999999857
    0.23999999999999999112     0.80598999999999998423
    0.24199999999999999289     0.80459099999999994512
    0.24399999999999999467     0.80319700000000004980
    0.24599999999999999645     0.80180499999999998995
    0.24799999999999999822     0.80041700000000004511
    0.25000000000000000000     0.79903299999999999326
    0.25200000000000000178     0.79765200000000002767
    0.25400000000000000355     0.79627400000000003732
    0.25600000000000000533     0.79490000000000005098
    0.25800000000000000711     0.79352900000000003988
    0.26000000000000000888     0.79216200000000003278
    0.26200000000000001066     0.79079800000000000093
    0.26400000000000001243     0.78943799999999997308
    0.26600000000000001421     0.78808100000000003149
    0.26800000000000001599     0.78672699999999995413
    0.27000000000000001776     0.78537699999999999179
    0.27200000000000001954     0.78403000000000000469
    0.27400000000000002132     0.78268700000000002159
    0.27600000000000002309     0.78134700000000001374
    0.27800000000000002487     0.78001100000000000989
    0.28000000000000002665     0.77867799999999998128
    0.28199999999999997291     0.77734800000000003894
    0.28399999999999997469     0.77602199999999998958
    0.28599999999999997646     0.77469900000000002649
    0.28799999999999997824     0.77337999999999995637
    0.28999999999999998002     0.77206399999999997252
    0.29199999999999998179     0.77075199999999999267
    0.29399999999999998357     0.76944199999999995931
    0.29599999999999998535     0.76813699999999995871
    0.29799999999999998712     0.76683400000000001562
    0.29999999999999998890     0.76553499999999996550
    0.30199999999999999067     0.76424000000000003041
    0.30399999999999999245     0.76294799999999995954
    0.30599999999999999423     0.76165899999999997494
    0.30799999999999999600     0.76037299999999996558
    0.30999999999999999778     0.75909099999999996022
    0.31199999999999999956     0.75781299999999995887
    0.31400000000000000133     0.75653700000000001502
    0.31600000000000000311     0.75526499999999996415
    0.31800000000000000488     0.75399700000000002831
    0.32000000000000000666     0.75273199999999995669
    0.32200000000000000844     0.75146999999999997133
    0.32400000000000001021     0.75021199999999998997
    0.32600000000000001199     0.74895599999999995511
    0.32800000000000001377     0.74770499999999995300
    0.33000000000000001554     0.74645600000000000840
    0.33200000000000001732     0.74521099999999995678
    0.33400000000000001910     0.74397000000000002018
    0.33600000000000002087     0.74273199999999994780
    0.33800000000000002265     0.74149699999999996169
    0.34000000000000002442     0.74026499999999995083
    0.34200000000000002620     0.73903700000000005499
    0.34399999999999997247     0.73781200000000002337
    0.34599999999999997424     0.73659099999999999575
    0.34799999999999997602     0.73537300000000005440
    0.34999999999999997780     0.73415799999999997727
    0.35199999999999997957     0.73294599999999998641
    0.35399999999999998135     0.73173799999999999955
    0.35599999999999998312     0.73053299999999998793
    0.35799999999999998490     0.72933199999999998031
    0.35999999999999998668     0.72813399999999994794
    0.36199999999999998845     0.72693900000000000183
    0.36399999999999999023     0.72574799999999994871
    0.36599999999999999201     0.72455999999999998185
    0.36799999999999999378     0.72337499999999999023
    0.36999999999999999556     0.72219299999999997386
    0.37199999999999999734     0.72101499999999996149
    0.37399999999999999911     0.71984099999999995312
    0.37600000000000000089     0.71866900000000000226
    0.37800000000000000266     0.71750100000000005540
    0.38000000000000000444     0.71633599999999997276
    0.38200000000000000622     0.71517500000000000515
    0.38400000000000000799     0.71401700000000001278
    0.38600000000000000977     0.71286199999999999566
    0.38800000000000001155     0.71170999999999995378
    0.39000000000000001332     0.71056200000000002692
    0.39200000000000001510     0.70941699999999996429
    0.39400000000000001688     0.70827600000000001668
    0.39600000000000001865     0.70713800000000004431
    0.39800000000000002043     0.70600300000000004719
    0.40000000000000002220     0.70487100000000002531
    0.40200000000000002398     0.70374300000000000743
    0.40400000000000002576     0.70261799999999996480
    0.40600000000000002753     0.70149600000000000843
    0.40799999999999997380     0.70037799999999994505
    0.40999999999999997558     0.69926299999999996793
    0.41199999999999997735     0.69815099999999996605
    0.41399999999999997913     0.69704299999999996817
    0.41599999999999998090     0.69593799999999994554
    0.41799999999999998268     0.69483600000000000918
    0.41999999999999998446     0.69373799999999996579
    0.42199999999999998623     0.69264199999999997992
    0.42399999999999998801     0.69155100000000002680
    0.42599999999999998979     0.69046200000000002017
    0.42799999999999999156     0.68937700000000001754
    0.42999999999999999334     0.68829499999999999016
    0.43199999999999999512     0.68721600000000004904
    0.43399999999999999689     0.68614100000000000090
    0.43599999999999999867     0.68506900000000003903
    0.43800000000000000044     0.68400000000000005240
    0.44000000000000000222     0.68293499999999995875
    0.44200000000000000400     0.68187299999999995137
    0.44400000000000000577     0.68081400000000003025
    0.44600000000000000755     0.67975900000000000212
    0.44800000000000000933     0.67870600000000003149
    0.45000000000000001110     0.67765799999999998260
    0.45200000000000001288     0.67661199999999999122
    0.45400000000000001465     0.67557000000000000384
    0.45600000000000001643     0.67453099999999999170
    0.45800000000000001821     0.67349499999999995481
    0.46000000000000001998     0.67246300000000003294
    0.46200000000000002176     0.67143399999999997529
    0.46400000000000002354     0.67040800000000000392
    0.46600000000000002531     0.66938600000000003654
    0.46800000000000002709     0.66836600000000001565
    0.46999999999999997335     0.66735100000000002751
    0.47199999999999997513     0.66633799999999998587
    0.47399999999999997691     0.66532899999999994822
    0.47599999999999997868     0.66432299999999999685
    0.47799999999999998046     0.66332000000000002071
    0.47999999999999998224     0.66232100000000004858
    0.48199999999999998401     0.66132500000000005169
    0.48399999999999998579     0.66033200000000003005
    0.48599999999999998757     0.65934300000000001241
    0.48799999999999998934     0.65835699999999997001
    0.48999999999999999112     0.65737400000000001388
    0.49199999999999999289     0.65639499999999995072
    0.49399999999999999467     0.65541899999999997384
    0.49599999999999999645     0.65444599999999997220
    0.49799999999999999822     0.65347599999999994580
    0.50000000000000000000     0.65251000000000003443
    0.50200000000000000178     0.65154699999999998727
    0.50400000000000000355     0.65058800000000005515
    0.50600000000000000533     0.64963199999999998724
    0.50800000000000000711     0.64867900000000000560
    0.51000000000000000888     0.64772899999999999920
    0.51200000000000001066     0.64678299999999999681
    0.51400000000000001243     0.64583999999999996966
    0.51600000000000001421     0.64490000000000002878
    0.51800000000000001599     0.64396399999999998087
    0.52000000000000001776     0.64303100000000001923
    0.52200000000000001954     0.64210100000000003284
    0.52400000000000002132     0.64117500000000005045
    0.52600000000000002309     0.64025200000000004330
    0.52800000000000002487     0.63933200000000001140
    0.53000000000000002665     0.63841599999999998349
    0.53200000000000002842     0.63750200000000001310
    0.53400000000000003020     0.63659299999999996444
    0.53600000000000003197     0.63568599999999997330
    0.53800000000000003375     0.63478299999999998615
    0.54000000000000003553     0.63388400000000000301
    0.54200000000000003730     0.63298699999999996635
    0.54400000000000003908     0.63209400000000004471
    0.54600000000000004086     0.63120399999999998730
    0.54800000000000004263     0.63031800000000004491
    0.55000000000000004441     0.62943499999999996675
    0.55200000000000004619     0.62855499999999997485
    0.55400000000000004796     0.62767899999999998695
    0.55600000000000004974     0.62680599999999997429
    0.55800000000000005151     0.62593600000000004790
    0.56000000000000005329     0.62507000000000001450
    0.56200000000000005507     0.62420699999999995633
    0.56399999999999994582     0.62334699999999998443
    0.56599999999999994760     0.62249100000000001653
    0.56799999999999994937     0.62163800000000002388
    0.56999999999999995115     0.62078900000000003523
    0.57199999999999995293     0.61994300000000002182
    0.57399999999999995470     0.61909999999999998366
    0.57599999999999995648     0.61826000000000003176
    0.57799999999999995826     0.61742399999999997284
    0.57999999999999996003     0.61659200000000002895
    0.58199999999999996181     0.61576200000000003154
    0.58399999999999996358     0.61493600000000003813
    0.58599999999999996536     0.61411400000000004873
    0.58799999999999996714     0.61329500000000003457
    0.58999999999999996891     0.61247899999999999565
    0.59199999999999997069     0.61166600000000004300
    0.59399999999999997247     0.61085699999999998333
    0.59599999999999997424     0.61005200000000003868
    0.59799999999999997602     0.60924900000000004052
    0.59999999999999997780     0.60845000000000004636
    0.60199999999999997957     0.60765499999999994518
    0.60399999999999998135     0.60686300000000004129
    0.60599999999999998312     0.60607400000000000162
    0.60799999999999998490     0.60528899999999996595
    0.60999999999999998668     0.60450700000000001655
    0.61199999999999998845     0.60372899999999996012
    0.61399999999999999023     0.60295399999999998997
    0.61599999999999999201     0.60218199999999999505
    0.61799999999999999378     0.60141400000000000414
    0.61999999999999999556     0.60064899999999998847
    0.62199999999999999734     0.59988799999999997681
    0.62399999999999999911     0.59913000000000005141
    0.62600000000000000089     0.59837499999999999023
    0.62800000000000000266     0.59762400000000004407
    0.63000000000000000444     0.59687699999999999090
    0.63200000000000000622     0.59613199999999999523
    0.63400000000000000799     0.59539200000000003232
    0.63600000000000000977     0.59465400000000001590
    0.63800000000000001155     0.59392000000000000348
    0.64000000000000001332     0.59318999999999999506
    0.64200000000000001510     0.59246299999999996189
    0.64400000000000001688     0.59174000000000004373
    0.64600000000000001865     0.59101999999999998980
    0.64800000000000002043     0.59030300000000002214
    0.65000000000000002220     0.58958999999999994746
    0.65200000000000002398     0.58887999999999995904
    0.65400000000000002576     0.58817399999999997462
    0.65600000000000002753     0.58747199999999999420
    0.65800000000000002931     0.58677199999999996027
    0.66000000000000003109     0.58607699999999995910
    0.66200000000000003286     0.58538500000000004420
    0.66400000000000003464     0.58469599999999999351
    0.66600000000000003642     0.58401099999999994683
    0.66800000000000003819     0.58332899999999998641
    0.67000000000000003997     0.58265100000000003000
    0.67200000000000004174     0.58197600000000004883
    0.67400000000000004352     0.58130499999999996064
    0.67600000000000004530     0.58063799999999998747
    0.67800000000000004707     0.57997299999999996079
    0.68000000000000004885     0.57931299999999996686
    0.68200000000000005063     0.57865599999999994818
    0.68400000000000005240     0.57800200000000001577
    0.68600000000000005418     0.57735199999999997633
    0.68799999999999994493     0.57670600000000005192
    0.68999999999999994671     0.57606299999999999173
    0.69199999999999994849     0.57542400000000004656
    0.69399999999999995026     0.57478799999999996562
    0.69599999999999995204     0.57415599999999999969
    0.69799999999999995381     0.57352800000000003777
    0.69999999999999995559     0.57290200000000002234
    0.70199999999999995737     0.57228100000000003966
    0.70399999999999995914     0.57166300000000003223
    0.70599999999999996092     0.57104900000000002880
    0.70799999999999996270     0.57043800000000000061
    0.70999999999999996447     0.56983099999999997642
    0.71199999999999996625     0.56922799999999995624
    0.71399999999999996803     0.56862800000000002232
    0.71599999999999996980     0.56803199999999998138
    0.71799999999999997158     0.56743900000000002670
    0.71999999999999997335     0.56684999999999996501
    0.72199999999999997513     0.56626500000000001833
    0.72399999999999997691     0.56568300000000004690
    0.72599999999999997868     0.56510499999999996845
    0.72799999999999998046     0.56453100000000000502
    0.72999999999999998224     0.56396000000000001684
    0.73199999999999998401     0.56339300000000003266
    0.73399999999999998579     0.56282900000000002372
    0.73599999999999998757     0.56226900000000001878
    0.73799999999999998934     0.56171300000000001784
    0.73999999999999999112     0.56116100000000002090
    0.74199999999999999289     0.56061199999999999921
    0.74399999999999999467     0.56006699999999998152
    0.74599999999999999645     0.55952599999999996783
    0.74799999999999999822     0.55898800000000004040
    0.75000000000000000000     0.55845400000000000595
    0.75200000000000000178     0.55792399999999997551
    0.75400000000000000355     0.55739700000000003133
    0.75600000000000000533     0.55687500000000000888
    0.75800000000000000711     0.55635599999999996168
    0.76000000000000000888     0.55584000000000000075
    0.76200000000000001066     0.55532899999999996155
    0.76400000000000001243     0.55482100000000000861
    0.76600000000000001421     0.55431699999999994866
    0.76800000000000001599     0.55381700000000000372
    0.77000000000000001776     0.55332000000000003403
    0.77200000000000001954     0.55282699999999995732
    0.77400000000000002132     0.55233900000000002439
    0.77600000000000002309     0.55185300000000003795
    0.77800000000000002487     0.55137199999999997324
    0.78000000000000002665     0.55089500000000002355
    0.78200000000000002842     0.55042100000000004911
    0.78400000000000003020     0.54995099999999996765
    0.78600000000000003197     0.54948500000000000121
    0.78800000000000003375     0.54902300000000003877
    0.79000000000000003553     0.54856400000000005157
    0.79200000000000003730     0.54810999999999998611
    0.79400000000000003908     0.54765900000000000691
    0.79600000000000004086     0.54721200000000003172
    0.79800000000000004263     0.54676899999999994950
    0.80000000000000004441     0.54632999999999998231
    0.80200000000000004619     0.54589500000000001911
    0.80400000000000004796     0.54546399999999994890
    0.80600000000000004974     0.54503599999999996495
    0.80800000000000005151     0.54461300000000001376
    0.81000000000000005329     0.54419300000000003781
    0.81200000000000005507     0.54377799999999998359
    0.81399999999999994582     0.54336600000000001565
    0.81599999999999994760     0.54295800000000005170
    0.81799999999999994937     0.54255399999999998073
    0.81999999999999995115     0.54215400000000002478
    0.82199999999999995293     0.54175799999999996182
    0.82399999999999995470     0.54136600000000001387
    0.82599999999999995648     0.54097899999999998766
    0.82799999999999995826     0.54059500000000004771
    0.82999999999999996003     0.54021500000000000075
    0.83199999999999996181     0.53983899999999995778
    0.83399999999999996358     0.53946700000000002984
    0.83599999999999996536     0.53909899999999999487
    0.83799999999999996714     0.53873499999999996390
    0.83999999999999996891     0.53837500000000004796
    0.84199999999999997069     0.53801900000000002500
    0.84399999999999997247     0.53766700000000000603
    0.84599999999999997424     0.53732000000000001982
    0.84799999999999997602     0.53697600000000000886
    0.84999999999999997780     0.53663700000000003065
    0.85199999999999997957     0.53630100000000002769
    0.85399999999999998135     0.53596999999999994646
    0.85599999999999998312     0.53564299999999998025
    0.85799999999999998490     0.53531899999999998929
    0.85999999999999998668     0.53500000000000003109
    0.86199999999999998845     0.53468599999999999461
    0.86399999999999999023     0.53437500000000004441
    0.86599999999999999201     0.53406799999999998718
    0.86799999999999999378     0.53376599999999996271
    0.86999999999999999556     0.53346800000000005326
    0.87199999999999999734     0.53317400000000003679
    0.87399999999999999911     0.53288400000000002432
    0.87600000000000000089     0.53259800000000001585
    0.87800000000000000266     0.53231700000000004014
    0.88000000000000000444     0.53203999999999995740
    0.88200000000000000622     0.53176699999999998969
    0.88400000000000000799     0.53149800000000002598
    0.88600000000000000977     0.53123399999999998400
    0.88800000000000001155     0.53097399999999994602
    0.89000000000000001332     0.53071800000000002306
    0.89200000000000001510     0.53046599999999999309
    0.89400000000000001688     0.53021899999999999586
    0.89600000000000001865     0.52997600000000000264
    0.89800000000000002043     0.52973700000000001342
    0.90000000000000002220     0.52950299999999994593
    0.90200000000000002398     0.52927299999999999347
    0.90400000000000002576     0.52904700000000004501
    0.90600000000000002753     0.52882600000000001828
    0.90800000000000002931     0.52860899999999999554
    0.91000000000000003109     0.52839599999999997681
    0.91200000000000003286     0.52818799999999999084
    0.91400000000000003464     0.52798500000000003762
    0.91600000000000003642     0.52778499999999994863
    0.91800000000000003819     0.52759000000000000341
    0.92000000000000003997     0.52739999999999997993
    0.92200000000000004174     0.52721399999999996044
    0.92400000000000004352     0.52703299999999997372
    0.92600000000000004530     0.52685499999999996223
    0.92800000000000004707     0.52668300000000001226
    0.93000000000000004885     0.52651499999999995527
    0.93200000000000005063     0.52635100000000001330
    0.93400000000000005240     0.52619199999999999307
    0.93600000000000005418     0.52603800000000000558
    0.93799999999999994493     0.52588800000000002210
    0.93999999999999994671     0.52574200000000004263
    0.94199999999999994849     0.52560200000000001364
    0.94399999999999995026     0.52546499999999995989
    0.94599999999999995204     0.52533399999999996766
    0.94799999999999995381     0.52520699999999997942
    0.94999999999999995559     0.52508399999999999519
    0.95199999999999995737     0.52496699999999996145
    0.95399999999999995914     0.52485400000000004272
    0.95599999999999996092     0.52474500000000001698
    0.95799999999999996270     0.52464100000000002400
    0.95999999999999996447     0.52454199999999995274
    0.96199999999999996625     0.52444800000000002527
    0.96399999999999996803     0.52435799999999999077
    0.96599999999999996980     0.52427299999999998903
    0.96799999999999997158     0.52419300000000002004
    0.96999999999999997335     0.52411700000000005506
    0.97199999999999997513     0.52404700000000004056
    0.97399999999999997691     0.52398100000000003007
    0.97599999999999997868     0.52392000000000005233
    0.97799999999999998046     0.52386299999999996757
    0.97999999999999998224     0.52381200000000005534
    0.98199999999999998401     0.52376500000000003610
    0.98399999999999998579     0.52372300000000004960
    0.98599999999999998757     0.52368700000000001360
    0.98799999999999998934     0.52365399999999995284
    0.98999999999999999112     0.52362699999999995359
    0.99199999999999999289     0.52360499999999998710
    0.99399999999999999467     0.52358800000000005337
    0.99599999999999999645     0.52357500000000001261
    0.99799999999999999822     0.52356800000000003337
    1.00000000000000000000     0.52356499999999994710
    1.00200000000000000178     0.52356800000000003337
