       x      Css
    0.00000000000000000000     1.00000000000000000000
    0.00200000000000000004     0.99616099999999996317
    0.00400000000000000008     0.99234599999999995035
    0.00600000000000000012     0.98855199999999998628
    0.00800000000000000017     0.98478100000000001746
    0.01000000000000000021     0.98103300000000004388
    0.01200000000000000025     0.97730600000000000804
    0.01400000000000000029     0.97360199999999996745
    0.01600000000000000033     0.96992000000000000437
    0.01799999999999999864     0.96625899999999997902
    0.02000000000000000042     0.96262000000000003119
    0.02199999999999999872     0.95900200000000002110
    0.02400000000000000050     0.95540599999999997749
    0.02599999999999999881     0.95183099999999998264
    0.02800000000000000058     0.94827700000000003655
    0.02999999999999999889     0.94474400000000002819
    0.03200000000000000067     0.94123199999999995757
    0.03400000000000000244     0.93774100000000004673
    0.03599999999999999728     0.93427000000000004487
    0.03799999999999999906     0.93081999999999998074
    0.04000000000000000083     0.92739000000000004764
    0.04200000000000000261     0.92398000000000002352
    0.04399999999999999745     0.92059000000000001940
    0.04599999999999999922     0.91722099999999995301
    0.04800000000000000100     0.91387099999999998889
    0.05000000000000000278     0.91054100000000004478
    0.05199999999999999761     0.90722999999999998089
    0.05399999999999999939     0.90393900000000004802
    0.05600000000000000117     0.90066800000000002413
    0.05800000000000000294     0.89741499999999996273
    0.05999999999999999778     0.89418200000000003236
    0.06199999999999999956     0.89096799999999998221
    0.06400000000000000133     0.88777300000000003433
    0.06600000000000000311     0.88459600000000004894
    0.06800000000000000488     0.88143800000000005479
    0.07000000000000000666     0.87829900000000005189
    0.07199999999999999456     0.87517800000000001148
    0.07399999999999999634     0.87207599999999996232
    0.07599999999999999811     0.86899199999999998667
    0.07799999999999999989     0.86592599999999997351
    0.08000000000000000167     0.86287800000000003386
    0.08200000000000000344     0.85984799999999994569
    0.08400000000000000522     0.85683500000000001329
    0.08599999999999999312     0.85384099999999996111
    0.08799999999999999489     0.85086399999999995369
    0.08999999999999999667     0.84790399999999999103
    0.09199999999999999845     0.84496199999999999086
    0.09400000000000000022     0.84203799999999995318
    0.09600000000000000200     0.83913000000000004253
    0.09800000000000000377     0.83623999999999998334
    0.10000000000000000555     0.83336600000000005117
    0.10199999999999999345     0.83050999999999997048
    0.10399999999999999523     0.82767000000000001680
    0.10599999999999999700     0.82484699999999999687
    0.10799999999999999878     0.82203999999999999293
    0.11000000000000000056     0.81925000000000003375
    0.11200000000000000233     0.81647599999999997955
    0.11400000000000000411     0.81371899999999997011
    0.11600000000000000588     0.81097799999999997667
    0.11799999999999999378     0.80825299999999999923
    0.11999999999999999556     0.80554400000000003779
    0.12199999999999999734     0.80285099999999998133
    0.12399999999999999911     0.80017400000000005189
    0.12600000000000000089     0.79751199999999999868
    0.12800000000000000266     0.79486599999999996147
    0.13000000000000000444     0.79223600000000005128
    0.13200000000000000622     0.78962100000000001732
    0.13400000000000000799     0.78702199999999999935
    0.13600000000000000977     0.78443799999999996864
    0.13800000000000001155     0.78186900000000003619
    0.14000000000000001332     0.77931499999999997996
    0.14199999999999998734     0.77677600000000002201
    0.14399999999999998912     0.77425299999999996903
    0.14599999999999999090     0.77174399999999998556
    0.14799999999999999267     0.76924899999999996059
    0.14999999999999999445     0.76676999999999995161
    0.15199999999999999623     0.76430500000000001215
    0.15399999999999999800     0.76185499999999994891
    0.15599999999999999978     0.75941899999999995519
    0.15800000000000000155     0.75699700000000003097
    0.16000000000000000333     0.75458999999999998298
    0.16200000000000000511     0.75219599999999997575
    0.16400000000000000688     0.74981699999999995576
    0.16600000000000000866     0.74745200000000000529
    0.16800000000000001044     0.74510100000000001330
    0.17000000000000001221     0.74276399999999997981
    0.17199999999999998623     0.74044100000000001582
    0.17399999999999998801     0.73813099999999998158
    0.17599999999999998979     0.73583500000000001684
    0.17799999999999999156     0.73355199999999998184
    0.17999999999999999334     0.73128300000000001635
    0.18199999999999999512     0.72902800000000000935
    0.18399999999999999689     0.72678500000000001435
    0.18599999999999999867     0.72455599999999997785
    0.18800000000000000044     0.72234100000000001085
    0.19000000000000000222     0.72013799999999994483
    0.19200000000000000400     0.71794800000000003060
    0.19400000000000000577     0.71577100000000004609
    0.19600000000000000755     0.71360699999999999132
    0.19800000000000000933     0.71145599999999997731
    0.20000000000000001110     0.70931800000000000406
    0.20200000000000001288     0.70719200000000004280
    0.20399999999999998690     0.70507900000000001128
    0.20599999999999998868     0.70297900000000002052
    0.20799999999999999045     0.70089100000000004176
    0.20999999999999999223     0.69881499999999996398
    0.21199999999999999400     0.69675200000000003797
    0.21399999999999999578     0.69469999999999998419
    0.21599999999999999756     0.69266199999999999992
    0.21799999999999999933     0.69063499999999999890
    0.22000000000000000111     0.68862000000000000988
    0.22200000000000000289     0.68661700000000003286
    0.22400000000000000466     0.68462599999999995681
    0.22600000000000000644     0.68264700000000000379
    0.22800000000000000822     0.68067999999999995175
    0.23000000000000000999     0.67872500000000002274
    0.23200000000000001177     0.67678099999999996594
    0.23400000000000001354     0.67484800000000000342
    0.23599999999999998757     0.67292799999999997063
    0.23799999999999998934     0.67101900000000003210
    0.23999999999999999112     0.66912099999999996580
    0.24199999999999999289     0.66723399999999999377
    0.24399999999999999467     0.66535900000000003374
    0.24599999999999999645     0.66349499999999994593
    0.24799999999999999822     0.66164199999999995239
    0.25000000000000000000     0.65980000000000005311
    0.25200000000000000178     0.65797000000000005482
    0.25400000000000000355     0.65615000000000001101
    0.25600000000000000533     0.65434099999999995045
    0.25800000000000000711     0.65254299999999998416
    0.26000000000000000888     0.65075600000000000112
    0.26200000000000001066     0.64897899999999997256
    0.26400000000000001243     0.64721399999999995600
    0.26600000000000001421     0.64545900000000000496
    0.26800000000000001599     0.64371400000000000841
    0.27000000000000001776     0.64197999999999999510
    0.27200000000000001954     0.64025600000000004730
    0.27400000000000002132     0.63854299999999997173
    0.27600000000000002309     0.63683999999999996167
    0.27800000000000002487     0.63514800000000004587
    0.28000000000000002665     0.63346499999999994479
    0.28199999999999997291     0.63179300000000004900
    0.28399999999999997469     0.63013099999999999667
    0.28599999999999997646     0.62847900000000000986
    0.28799999999999997824     0.62683699999999997754
    0.28999999999999998002     0.62520500000000001073
    0.29199999999999998179     0.62358299999999999841
    0.29399999999999998357     0.62197100000000005160
    0.29599999999999998535     0.62036800000000003052
    0.29799999999999998712     0.61877499999999996394
    0.29999999999999998890     0.61719199999999996287
    0.30199999999999999067     0.61561900000000002731
    0.30399999999999999245     0.61405500000000001748
    0.30599999999999999423     0.61250099999999996214
    0.30799999999999999600     0.61095600000000005458
    0.30999999999999999778     0.60942099999999999049
    0.31199999999999999956     0.60789499999999996316
    0.31400000000000000133     0.60637799999999997258
    0.31600000000000000311     0.60487100000000004751
    0.31800000000000000488     0.60337300000000004818
    0.32000000000000000666     0.60188399999999997458
    0.32200000000000000844     0.60040400000000004876
    0.32400000000000001021     0.59893399999999996641
    0.32600000000000001199     0.59747200000000000308
    0.32800000000000001377     0.59601899999999996549
    0.33000000000000001554     0.59457599999999999341
    0.33200000000000001732     0.59314100000000002932
    0.33400000000000001910     0.59171499999999999098
    0.33600000000000002087     0.59029799999999998938
    0.33800000000000002265     0.58889000000000002455
    0.34000000000000002442     0.58748999999999995669
    0.34200000000000002620     0.58609900000000003661
    0.34399999999999997247     0.58471700000000004227
    0.34599999999999997424     0.58334399999999997366
    0.34799999999999997602     0.58197900000000002407
    0.34999999999999997780     0.58062199999999997146
    0.35199999999999997957     0.57927399999999995561
    0.35399999999999998135     0.57793399999999994776
    0.35599999999999998312     0.57660299999999997667
    0.35799999999999998490     0.57528000000000001357
    0.35999999999999998668     0.57396499999999994746
    0.36199999999999998845     0.57265800000000000036
    0.36399999999999999023     0.57135999999999997900
    0.36599999999999999201     0.57006999999999996565
    0.36799999999999999378     0.56878799999999996029
    0.36999999999999999556     0.56751399999999996293
    0.37199999999999999734     0.56624799999999997357
    0.37399999999999999911     0.56498999999999999222
    0.37600000000000000089     0.56374000000000001886
    0.37800000000000000266     0.56249800000000005351
    0.38000000000000000444     0.56126299999999995638
    0.38200000000000000622     0.56003700000000000703
    0.38400000000000000799     0.55881800000000003692
    0.38600000000000000977     0.55760699999999996379
    0.38800000000000001155     0.55640400000000000968
    0.39000000000000001332     0.55520899999999995256
    0.39200000000000001510     0.55402099999999998570
    0.39400000000000001688     0.55283999999999999808
    0.39600000000000001865     0.55166700000000001847
    0.39800000000000002043     0.55050200000000004685
    0.40000000000000002220     0.54934400000000005448
    0.40200000000000002398     0.54819399999999995909
    0.40400000000000002576     0.54705099999999995397
    0.40600000000000002753     0.54591500000000003912
    0.40799999999999997380     0.54478700000000002124
    0.40999999999999997558     0.54366599999999998261
    0.41199999999999997735     0.54255200000000003424
    0.41399999999999997913     0.54144599999999998285
    0.41599999999999998090     0.54034599999999999298
    0.41799999999999998268     0.53925400000000001111
    0.41999999999999998446     0.53816900000000000848
    0.42199999999999998623     0.53709099999999998509
    0.42399999999999998801     0.53602000000000005198
    0.42599999999999998979     0.53495599999999998708
    0.42799999999999999156     0.53389900000000001246
    0.42999999999999999334     0.53284799999999998832
    0.43199999999999999512     0.53180499999999997218
    0.43399999999999999689     0.53076900000000004631
    0.43599999999999999867     0.52973899999999995991
    0.43800000000000000044     0.52871599999999996378
    0.44000000000000000222     0.52769999999999994689
    0.44200000000000000400     0.52669100000000002026
    0.44400000000000000577     0.52568800000000004413
    0.44600000000000000755     0.52469200000000004724
    0.44800000000000000933     0.52370300000000002960
    0.45000000000000001110     0.52271999999999996245
    0.45200000000000001288     0.52174399999999998556
    0.45400000000000001465     0.52077399999999995917
    0.45600000000000001643     0.51981100000000002304
    0.45800000000000001821     0.51885400000000003740
    0.46000000000000001998     0.51790400000000003100
    0.46200000000000002176     0.51695999999999997510
    0.46400000000000002354     0.51602199999999998070
    0.46600000000000002531     0.51509099999999996555
    0.46800000000000002709     0.51416600000000001192
    0.46999999999999997335     0.51324700000000000877
    0.47199999999999997513     0.51233499999999998487
    0.47399999999999997691     0.51142799999999999372
    0.47599999999999997868     0.51052799999999998182
    0.47799999999999998046     0.50963400000000003143
    0.47999999999999998224     0.50874600000000003153
    0.48199999999999998401     0.50786500000000001087
    0.48399999999999998579     0.50698900000000002297
    0.48599999999999998757     0.50611899999999998556
    0.48799999999999998934     0.50525600000000003842
    0.48999999999999999112     0.50439800000000001301
    0.49199999999999999289     0.50354600000000004911
    0.49399999999999999467     0.50270000000000003570
    0.49599999999999999645     0.50185999999999997279
    0.49799999999999999822     0.50102599999999997138
    0.50000000000000000000     0.50019800000000003148
    0.50200000000000000178     0.49937500000000001332
    0.50400000000000000355     0.49855800000000000116
    0.50600000000000000533     0.49774699999999999500
    0.50800000000000000711     0.49694199999999999484
    0.51000000000000000888     0.49614200000000002744
    0.51200000000000001066     0.49534800000000001052
    0.51400000000000001243     0.49455999999999999961
    0.51600000000000001421     0.49377700000000002145
    0.51800000000000001599     0.49299999999999999378
    0.52000000000000001776     0.49222799999999999887
    0.52200000000000001954     0.49146200000000000996
    0.52400000000000002132     0.49070099999999999829
    0.52600000000000002309     0.48994599999999999262
    0.52800000000000002487     0.48919600000000001971
    0.53000000000000002665     0.48845100000000002405
    0.53200000000000002842     0.48771199999999997887
    0.53400000000000003020     0.48697899999999999521
    0.53600000000000003197     0.48625000000000001554
    0.53800000000000003375     0.48552699999999998637
    0.54000000000000003553     0.48480899999999998995
    0.54200000000000003730     0.48409699999999999953
    0.54400000000000003908     0.48338900000000001311
    0.54600000000000004086     0.48268699999999997718
    0.54800000000000004263     0.48198999999999997401
    0.55000000000000004441     0.48129899999999997684
    0.55200000000000004619     0.48061199999999998367
    0.55400000000000004796     0.47993000000000002325
    0.55600000000000004974     0.47925400000000001333
    0.55800000000000005151     0.47858200000000000740
    0.56000000000000005329     0.47791600000000000747
    0.56200000000000005507     0.47725499999999998479
    0.56399999999999994582     0.47659800000000002163
    0.56599999999999994760     0.47594700000000000895
    0.56799999999999994937     0.47530000000000000027
    0.56999999999999995115     0.47465800000000002434
    0.57199999999999995293     0.47402199999999999891
    0.57399999999999995470     0.47338999999999997748
    0.57599999999999995648     0.47276200000000001555
    0.57799999999999995826     0.47214000000000000412
    0.57999999999999996003     0.47152300000000002544
    0.58199999999999996181     0.47090999999999999526
    0.58399999999999996358     0.47030199999999999783
    0.58599999999999996536     0.46969899999999997764
    0.58799999999999996714     0.46910000000000001696
    0.58999999999999996891     0.46850599999999997802
    0.59199999999999997069     0.46791700000000002735
    0.59399999999999997247     0.46733200000000002516
    0.59599999999999997424     0.46675200000000000022
    0.59799999999999997602     0.46617700000000000804
    0.59999999999999997780     0.46560600000000001986
    0.60199999999999997957     0.46503899999999998016
    0.60399999999999998135     0.46447800000000000198
    0.60599999999999998312     0.46391999999999999904
    0.60799999999999998490     0.46336699999999997335
    0.60999999999999998668     0.46281899999999998041
    0.61199999999999998845     0.46227499999999999147
    0.61399999999999999023     0.46173500000000000654
    0.61599999999999999201     0.46119999999999999885
    0.61799999999999999378     0.46066899999999999515
    0.61999999999999999556     0.46014300000000002422
    0.62199999999999999734     0.45962100000000000177
    0.62399999999999999911     0.45910299999999998333
    0.62600000000000000089     0.45858900000000002439
    0.62800000000000000266     0.45807999999999998719
    0.63000000000000000444     0.45757500000000000950
    0.63200000000000000622     0.45707399999999998030
    0.63400000000000000799     0.45657700000000001062
    0.63600000000000000977     0.45608500000000001817
    0.63800000000000001155     0.45559699999999997422
    0.64000000000000001332     0.45511200000000001653
    0.64200000000000001510     0.45463199999999998058
    0.64400000000000001688     0.45415600000000000414
    0.64600000000000001865     0.45368399999999997618
    0.64800000000000002043     0.45321699999999998099
    0.65000000000000002220     0.45275300000000001654
    0.65200000000000002398     0.45229300000000000059
    0.65400000000000002576     0.45183699999999998864
    0.65600000000000002753     0.45138600000000000945
    0.65800000000000002931     0.45093800000000000550
    0.66000000000000003109     0.45049400000000000555
    0.66200000000000003286     0.45005400000000000960
    0.66400000000000003464     0.44961800000000001765
    0.66600000000000003642     0.44918599999999997419
    0.66800000000000003819     0.44875700000000001699
    0.67000000000000003997     0.44833299999999998153
    0.67200000000000004174     0.44791199999999997683
    0.67400000000000004352     0.44749600000000000488
    0.67600000000000004530     0.44708300000000000818
    0.67800000000000004707     0.44667299999999998672
    0.68000000000000004885     0.44626799999999999802
    0.68200000000000005063     0.44586599999999998456
    0.68400000000000005240     0.44546799999999997510
    0.68600000000000005418     0.44507400000000002516
    0.68799999999999994493     0.44468299999999999494
    0.68999999999999994671     0.44429600000000002424
    0.69199999999999994849     0.44391300000000000203
    0.69399999999999995026     0.44353300000000001058
    0.69599999999999995204     0.44315700000000002312
    0.69799999999999995381     0.44278499999999998415
    0.69999999999999995559     0.44241599999999997594
    0.70199999999999995737     0.44204999999999999849
    0.70399999999999995914     0.44168899999999999828
    0.70599999999999996092     0.44133000000000000007
    0.70799999999999996270     0.44097500000000000586
    0.70999999999999996447     0.44062400000000001565
    0.71199999999999996625     0.44027600000000000069
    0.71399999999999996803     0.43993199999999998973
    0.71599999999999996980     0.43959100000000000952
    0.71799999999999997158     0.43925399999999997780
    0.71999999999999997335     0.43891900000000000359
    0.72199999999999997513     0.43858900000000000663
    0.72399999999999997691     0.43826100000000001167
    0.72599999999999997868     0.43793700000000002071
    0.72799999999999998046     0.43761699999999997823
    0.72999999999999998224     0.43729899999999999327
    0.73199999999999998401     0.43698500000000001231
    0.73399999999999998579     0.43667499999999997984
    0.73599999999999998757     0.43636700000000000488
    0.73799999999999998934     0.43606299999999997841
    0.73999999999999999112     0.43576199999999998269
    0.74199999999999999289     0.43546400000000001773
    0.74399999999999999467     0.43517000000000000126
    0.74599999999999999645     0.43487799999999998679
    0.74799999999999999822     0.43458999999999997632
    0.75000000000000000000     0.43430499999999999661
    0.75200000000000000178     0.43402299999999999214
    0.75400000000000000355     0.43374499999999999167
    0.75600000000000000533     0.43346899999999999320
    0.75800000000000000711     0.43319600000000002549
    0.76000000000000000888     0.43292700000000000626
    0.76200000000000001066     0.43266100000000001780
    0.76400000000000001243     0.43239699999999997582
    0.76600000000000001421     0.43213699999999999335
    0.76800000000000001599     0.43187999999999998613
    0.77000000000000001776     0.43162499999999998090
    0.77200000000000001954     0.43137399999999997968
    0.77400000000000002132     0.43112600000000000922
    0.77600000000000002309     0.43087999999999998524
    0.77800000000000002487     0.43063800000000002077
    0.78000000000000002665     0.43039800000000000280
    0.78200000000000002842     0.43016199999999998882
    0.78400000000000003020     0.42992799999999997684
    0.78600000000000003197     0.42969699999999999562
    0.78800000000000003375     0.42946899999999998965
    0.79000000000000003553     0.42924400000000001443
    0.79200000000000003730     0.42902200000000001445
    0.79400000000000003908     0.42880299999999998972
    0.79600000000000004086     0.42858600000000002250
    0.79800000000000004263     0.42837199999999997502
    0.80000000000000004441     0.42816100000000001380
    0.80200000000000004619     0.42795299999999997231
    0.80400000000000004796     0.42774699999999998834
    0.80600000000000004974     0.42754399999999997961
    0.80800000000000005151     0.42734400000000000164
    0.81000000000000005329     0.42714699999999999891
    0.81200000000000005507     0.42695199999999999818
    0.81399999999999994582     0.42675999999999997270
    0.81599999999999994760     0.42657099999999997797
    0.81799999999999994937     0.42638399999999998524
    0.81999999999999995115     0.42620000000000002327
    0.82199999999999995293     0.42601899999999998103
    0.82399999999999995470     0.42583999999999999631
    0.82599999999999995648     0.42566399999999998682
    0.82799999999999995826     0.42548999999999997934
    0.82999999999999996003     0.42531900000000000261
    0.83199999999999996181     0.42514999999999997238
    0.83399999999999996358     0.42498399999999997290
    0.83599999999999996536     0.42482100000000000417
    0.83799999999999996714     0.42465999999999998193
    0.83999999999999996891     0.42450100000000001721
    0.84199999999999997069     0.42434500000000002773
    0.84399999999999997247     0.42419200000000001349
    0.84599999999999997424     0.42404100000000000126
    0.84799999999999997602     0.42389199999999999102
    0.84999999999999997780     0.42374600000000001154
    0.85199999999999997957     0.42360199999999997855
    0.85399999999999998135     0.42346099999999997632
    0.85599999999999998312     0.42332199999999997608
    0.85799999999999998490     0.42318499999999997785
    0.85999999999999998668     0.42305100000000001037
    0.86199999999999998845     0.42291899999999998938
    0.86399999999999999023     0.42278999999999999915
    0.86599999999999999201     0.42266199999999998216
    0.86799999999999999378     0.42253699999999999593
    0.86999999999999999556     0.42241499999999998494
    0.87199999999999999734     0.42229400000000000270
    0.87399999999999999911     0.42217599999999999572
    0.87600000000000000089     0.42205999999999999073
    0.87800000000000000266     0.42194700000000001650
    0.88000000000000000444     0.42183500000000001551
    0.88200000000000000622     0.42172599999999998976
    0.88400000000000000799     0.42161900000000002153
    0.88600000000000000977     0.42151499999999997303
    0.88800000000000001155     0.42141200000000000880
    0.89000000000000001332     0.42131200000000001982
    0.89200000000000001510     0.42121300000000000407
    0.89400000000000001688     0.42111700000000001909
    0.89600000000000001865     0.42102299999999998059
    0.89800000000000002043     0.42093099999999999961
    0.90000000000000002220     0.42084100000000002062
    0.90200000000000002398     0.42075400000000001688
    0.90400000000000002576     0.42066799999999998638
    0.90600000000000002753     0.42058499999999998664
    0.90800000000000002931     0.42050300000000001566
    0.91000000000000003109     0.42042400000000001992
    0.91200000000000003286     0.42034599999999999742
    0.91400000000000003464     0.42027100000000000568
    0.91600000000000003642     0.42019699999999998719
    0.91800000000000003819     0.42012599999999999945
    0.92000000000000003997     0.42005599999999998495
    0.92200000000000004174     0.41998900000000000121
    0.92400000000000004352     0.41992299999999999072
    0.92600000000000004530     0.41986000000000001098
    0.92800000000000004707     0.41979800000000000448
    0.93000000000000004885     0.41973799999999999999
    0.93200000000000005063     0.41967999999999999750
    0.93400000000000005240     0.41962399999999999700
    0.93600000000000005418     0.41956999999999999851
    0.93799999999999994493     0.41951800000000000201
    0.93999999999999994671     0.41946699999999997877
    0.94199999999999994849     0.41941899999999998627
    0.94399999999999995026     0.41937200000000002253
    0.94599999999999995204     0.41932700000000000529
    0.94799999999999995381     0.41928399999999999004
    0.94999999999999995559     0.41924200000000000355
    0.95199999999999995737     0.41920299999999999230
    0.95399999999999995914     0.41916500000000000981
    0.95599999999999996092     0.41912899999999997380
    0.95799999999999996270     0.41909400000000002207
    0.95999999999999996447     0.41906199999999999006
    0.96199999999999996625     0.41903099999999998682
    0.96399999999999996803     0.41900100000000001232
    0.96599999999999996980     0.41897400000000001308
    0.96799999999999997158     0.41894799999999998708
    0.96999999999999997335     0.41892400000000001858
    0.97199999999999997513     0.41890100000000002334
    0.97399999999999997691     0.41887999999999997458
    0.97599999999999997868     0.41886099999999998333
    0.97799999999999998046     0.41884300000000002084
    0.97999999999999998224     0.41882700000000000484
    0.98199999999999998401     0.41881299999999999084
    0.98399999999999998579     0.41880000000000000560
    0.98599999999999998757     0.41878900000000002235
    0.98799999999999998934     0.41877900000000001235
    0.98999999999999999112     0.41876999999999997559
    0.99199999999999999289     0.41876400000000002510
    0.99399999999999999467     0.41875899999999999235
    0.99599999999999999645     0.41875499999999998835
    0.99799999999999999822     0.41875299999999998635
    1.00000000000000000000     0.41875200000000001310
    1.00200000000000000178     0.41875299999999998635
