       x      Css
    0.00000000000000000000     1.00000000000000000000
    0.00200000000000000004     0.99854699999999996241
    0.00400000000000000008     0.99709599999999998232
    0.00600000000000000012     0.99564900000000000624
    0.00800000000000000017     0.99420299999999994789
    0.01000000000000000021     0.99276100000000000456
    0.01200000000000000025     0.99132100000000000772
    0.01400000000000000029     0.98988299999999995737
    0.01600000000000000033     0.98844799999999999329
    0.01799999999999999864     0.98701600000000000446
    0.02000000000000000042     0.98558599999999996211
    0.02199999999999999872     0.98415900000000000603
    0.02400000000000000050     0.98273500000000002519
    0.02599999999999999881     0.98131299999999999084
    0.02800000000000000058     0.97989400000000004276
    0.02999999999999999889     0.97847700000000004117
    0.03200000000000000067     0.97706300000000001482
    0.03400000000000000244     0.97565100000000004599
    0.03599999999999999728     0.97424200000000005240
    0.03799999999999999906     0.97283600000000003405
    0.04000000000000000083     0.97143199999999996219
    0.04200000000000000261     0.97003099999999997660
    0.04399999999999999745     0.96863200000000004852
    0.04599999999999999922     0.96723599999999998467
    0.04800000000000000100     0.96584199999999997832
    0.05000000000000000278     0.96445199999999997598
    0.05199999999999999761     0.96306300000000000239
    0.05399999999999999939     0.96167700000000000404
    0.05600000000000000117     0.96029399999999998094
    0.05800000000000000294     0.95891300000000001535
    0.05999999999999999778     0.95753500000000002501
    0.06199999999999999956     0.95616000000000000991
    0.06400000000000000133     0.95478700000000005232
    0.06600000000000000311     0.95341600000000004123
    0.06800000000000000488     0.95204800000000000537
    0.07000000000000000666     0.95068299999999994476
    0.07199999999999999456     0.94932000000000005269
    0.07399999999999999634     0.94796000000000002483
    0.07599999999999999811     0.94660200000000005449
    0.07799999999999999989     0.94524699999999994837
    0.08000000000000000167     0.94389400000000001079
    0.08200000000000000344     0.94254400000000004844
    0.08400000000000000522     0.94119600000000003259
    0.08599999999999999312     0.93985099999999999199
    0.08799999999999999489     0.93850900000000003764
    0.08999999999999999667     0.93716900000000002979
    0.09199999999999999845     0.93583199999999999719
    0.09400000000000000022     0.93449700000000002209
    0.09600000000000000200     0.93316399999999999348
    0.09800000000000000377     0.93183400000000005114
    0.10000000000000000555     0.93050699999999997303
    0.10199999999999999345     0.92918199999999995242
    0.10399999999999999523     0.92786000000000001808
    0.10599999999999999700     0.92654000000000003023
    0.10799999999999999878     0.92522300000000001763
    0.11000000000000000056     0.92390799999999995151
    0.11200000000000000233     0.92259599999999997166
    0.11400000000000000411     0.92128699999999996706
    0.11600000000000000588     0.91997899999999999121
    0.11799999999999999378     0.91867500000000001936
    0.11999999999999999556     0.91737299999999999400
    0.12199999999999999734     0.91607300000000002616
    0.12399999999999999911     0.91477600000000003355
    0.12600000000000000089     0.91348099999999998744
    0.12800000000000000266     0.91218900000000002759
    0.13000000000000000444     0.91090000000000004299
    0.13200000000000000622     0.90961300000000000487
    0.13400000000000000799     0.90832800000000002427
    0.13600000000000000977     0.90704600000000001891
    0.13800000000000001155     0.90576699999999998880
    0.14000000000000001332     0.90449000000000001620
    0.14199999999999998734     0.90321499999999999009
    0.14399999999999998912     0.90194300000000005024
    0.14599999999999999090     0.90067299999999994586
    0.14799999999999999267     0.89940600000000003877
    0.14999999999999999445     0.89814199999999999591
    0.15199999999999999623     0.89688000000000001055
    0.15399999999999999800     0.89561999999999997168
    0.15599999999999999978     0.89436300000000001909
    0.15800000000000000155     0.89310800000000001297
    0.16000000000000000333     0.89185599999999998211
    0.16200000000000000511     0.89060700000000003751
    0.16400000000000000688     0.88936000000000003940
    0.16600000000000000866     0.88811499999999998778
    0.16800000000000001044     0.88687300000000002242
    0.17000000000000001221     0.88563300000000000356
    0.17199999999999998623     0.88439599999999995994
    0.17399999999999998801     0.88316099999999997383
    0.17599999999999998979     0.88192899999999996297
    0.17799999999999999156     0.88069900000000000961
    0.17999999999999999334     0.87947200000000003151
    0.18199999999999999512     0.87824699999999999989
    0.18399999999999999689     0.87702500000000005453
    0.18599999999999999867     0.87580499999999994465
    0.18800000000000000044     0.87458800000000003205
    0.19000000000000000222     0.87337299999999995492
    0.19200000000000000400     0.87216099999999996406
    0.19400000000000000577     0.87095100000000003071
    0.19600000000000000755     0.86974300000000004385
    0.19800000000000000933     0.86853800000000003223
    0.20000000000000001110     0.86733599999999999586
    0.20200000000000001288     0.86613600000000001700
    0.20399999999999998690     0.86493799999999998462
    0.20599999999999998868     0.86374300000000003852
    0.20799999999999999045     0.86255099999999995664
    0.20999999999999999223     0.86136100000000004329
    0.21199999999999999400     0.86017299999999996540
    0.21399999999999999578     0.85898799999999997379
    0.21599999999999999756     0.85780500000000003968
    0.21799999999999999933     0.85662499999999996980
    0.22000000000000000111     0.85544699999999995743
    0.22200000000000000289     0.85427200000000003133
    0.22400000000000000466     0.85309900000000005171
    0.22600000000000000644     0.85192800000000001859
    0.22800000000000000822     0.85075999999999996071
    0.23000000000000000999     0.84959499999999998909
    0.23200000000000001177     0.84843199999999996397
    0.23400000000000001354     0.84727200000000002511
    0.23599999999999998757     0.84611300000000000399
    0.23799999999999998934     0.84495799999999998686
    0.23999999999999999112     0.84380500000000002725
    0.24199999999999999289     0.84265400000000001413
    0.24399999999999999467     0.84150599999999997625
    0.24599999999999999645     0.84035999999999999588
    0.24799999999999999822     0.83921699999999999076
    0.25000000000000000000     0.83807600000000004314
    0.25200000000000000178     0.83693799999999995975
    0.25400000000000000355     0.83580200000000004490
    0.25600000000000000533     0.83466799999999996551
    0.25800000000000000711     0.83353699999999997239
    0.26000000000000000888     0.83240899999999995451
    0.26200000000000001066     0.83128299999999999415
    0.26400000000000001243     0.83015899999999998027
    0.26600000000000001421     0.82903800000000005266
    0.26800000000000001599     0.82791899999999996052
    0.27000000000000001776     0.82680299999999995464
    0.27200000000000001954     0.82568900000000000627
    0.27400000000000002132     0.82457800000000003315
    0.27600000000000002309     0.82346900000000000652
    0.27800000000000002487     0.82236299999999995514
    0.28000000000000002665     0.82125899999999996126
    0.28199999999999997291     0.82015700000000002490
    0.28399999999999997469     0.81905799999999995276
    0.28599999999999997646     0.81796199999999996688
    0.28799999999999997824     0.81686800000000003852
    0.28999999999999998002     0.81577599999999994562
    0.29199999999999998179     0.81468700000000005002
    0.29399999999999998357     0.81359999999999998987
    0.29599999999999998535     0.81251600000000001600
    0.29799999999999998712     0.81143399999999998862
    0.29999999999999998890     0.81035500000000004750
    0.30199999999999999067     0.80927800000000005287
    0.30399999999999999245     0.80820300000000000473
    0.30599999999999999423     0.80713199999999996059
    0.30799999999999999600     0.80606199999999994521
    0.30999999999999999778     0.80499500000000001609
    0.31199999999999999956     0.80393000000000003347
    0.31400000000000000133     0.80286800000000002608
    0.31600000000000000311     0.80180899999999999395
    0.31800000000000000488     0.80075200000000001932
    0.32000000000000000666     0.79969699999999999118
    0.32200000000000000844     0.79864500000000004931
    0.32400000000000001021     0.79759500000000005393
    0.32600000000000001199     0.79654800000000003379
    0.32800000000000001377     0.79550299999999996015
    0.33000000000000001554     0.79446000000000005503
    0.33200000000000001732     0.79342000000000001414
    0.33400000000000001910     0.79238299999999994849
    0.33600000000000002087     0.79134800000000005138
    0.33800000000000002265     0.79031499999999998973
    0.34000000000000002442     0.78928500000000001435
    0.34200000000000002620     0.78825800000000001422
    0.34399999999999997247     0.78723299999999996057
    0.34599999999999997424     0.78620999999999996444
    0.34799999999999997602     0.78519000000000005457
    0.34999999999999997780     0.78417199999999998017
    0.35199999999999997957     0.78315699999999999203
    0.35399999999999998135     0.78214399999999995039
    0.35599999999999998312     0.78113399999999999501
    0.35799999999999998490     0.78012599999999998612
    0.35999999999999998668     0.77912099999999995248
    0.36199999999999998845     0.77811799999999997635
    0.36399999999999999023     0.77711799999999997546
    0.36599999999999999201     0.77612000000000003208
    0.36799999999999999378     0.77512400000000003519
    0.36999999999999999556     0.77413100000000001355
    0.37199999999999999734     0.77314099999999996715
    0.37399999999999999911     0.77215299999999997826
    0.37600000000000000089     0.77116700000000004689
    0.37800000000000000266     0.77018399999999997974
    0.38000000000000000444     0.76920399999999999885
    0.38200000000000000622     0.76822599999999996445
    0.38400000000000000799     0.76724999999999998757
    0.38600000000000000977     0.76627699999999998592
    0.38800000000000001155     0.76530699999999995953
    0.39000000000000001332     0.76433899999999999064
    0.39200000000000001510     0.76337299999999996825
    0.39400000000000001688     0.76241000000000003212
    0.39600000000000001865     0.76144900000000004248
    0.39800000000000002043     0.76049100000000002808
    0.40000000000000002220     0.75953599999999998893
    0.40200000000000002398     0.75858300000000000729
    0.40400000000000002576     0.75763199999999997214
    0.40600000000000002753     0.75668400000000002326
    0.40799999999999997380     0.75573800000000002086
    0.40999999999999997558     0.75479499999999999371
    0.41199999999999997735     0.75385500000000005283
    0.41399999999999997913     0.75291600000000002968
    0.41599999999999998090     0.75198100000000001053
    0.41799999999999998268     0.75104800000000004889
    0.41999999999999998446     0.75011700000000003374
    0.42199999999999998623     0.74918899999999999384
    0.42399999999999998801     0.74826400000000004020
    0.42599999999999998979     0.74734100000000003305
    0.42799999999999999156     0.74641999999999997240
    0.42999999999999999334     0.74550199999999999800
    0.43199999999999999512     0.74458699999999999886
    0.43399999999999999689     0.74367399999999994620
    0.43599999999999999867     0.74276299999999995105
    0.43800000000000000044     0.74185500000000004217
    0.44000000000000000222     0.74094999999999999751
    0.44200000000000000400     0.74004700000000001037
    0.44400000000000000577     0.73914699999999999847
    0.44600000000000000755     0.73824900000000004407
    0.44800000000000000933     0.73735399999999995391
    0.45000000000000001110     0.73646100000000003227
    0.45200000000000001288     0.73557099999999997486
    0.45400000000000001465     0.73468299999999997496
    0.45600000000000001643     0.73379799999999995030
    0.45800000000000001821     0.73291499999999998316
    0.46000000000000001998     0.73203499999999999126
    0.46200000000000002176     0.73115799999999997461
    0.46400000000000002354     0.73028300000000001546
    0.46600000000000002531     0.72941100000000003156
    0.46800000000000002709     0.72854099999999999415
    0.46999999999999997335     0.72767300000000001425
    0.47199999999999997513     0.72680900000000003836
    0.47399999999999997691     0.72594700000000000895
    0.47599999999999997868     0.72508700000000003705
    0.47799999999999998046     0.72423000000000004039
    0.47999999999999998224     0.72337600000000001899
    0.48199999999999998401     0.72252400000000005509
    0.48399999999999998579     0.72167400000000003768
    0.48599999999999998757     0.72082800000000002427
    0.48799999999999998934     0.71998300000000003962
    0.48999999999999999112     0.71914199999999994795
    0.49199999999999999289     0.71830300000000002481
    0.49399999999999999467     0.71746600000000004815
    0.49599999999999999645     0.71663299999999996448
    0.49799999999999999822     0.71580100000000002058
    0.50000000000000000000     0.71497299999999996967
    0.50200000000000000178     0.71414699999999997626
    0.50400000000000000355     0.71332300000000004037
    0.50600000000000000533     0.71250199999999996869
    0.50800000000000000711     0.71168399999999998329
    0.51000000000000000888     0.71086800000000005539
    0.51200000000000001066     0.71005499999999999172
    0.51400000000000001243     0.70924500000000001432
    0.51600000000000001421     0.70843699999999998340
    0.51800000000000001599     0.70763200000000003875
    0.52000000000000001776     0.70682900000000004059
    0.52200000000000001954     0.70602900000000001768
    0.52400000000000002132     0.70523199999999997001
    0.52600000000000002309     0.70443699999999997985
    0.52800000000000002487     0.70364499999999996493
    0.53000000000000002665     0.70285500000000000753
    0.53200000000000002842     0.70206800000000002537
    0.53400000000000003020     0.70128400000000001846
    0.53600000000000003197     0.70050299999999998679
    0.53800000000000003375     0.69972400000000001263
    0.54000000000000003553     0.69894699999999998496
    0.54200000000000003730     0.69817399999999996130
    0.54400000000000003908     0.69740299999999999514
    0.54600000000000004086     0.69663500000000000423
    0.54800000000000004263     0.69586899999999995980
    0.55000000000000004441     0.69510600000000000165
    0.55200000000000004619     0.69434600000000001874
    0.55400000000000004796     0.69358799999999998231
    0.55600000000000004974     0.69283300000000003216
    0.55800000000000005151     0.69208099999999994623
    0.56000000000000005329     0.69133100000000002883
    0.56200000000000005507     0.69058399999999997565
    0.56399999999999994582     0.68984000000000000874
    0.56599999999999994760     0.68909799999999998832
    0.56799999999999994937     0.68835900000000005416
    0.56999999999999995115     0.68762299999999998423
    0.57199999999999995293     0.68689000000000000057
    0.57399999999999995470     0.68615899999999996339
    0.57599999999999995648     0.68543100000000001248
    0.57799999999999995826     0.68470500000000000806
    0.57999999999999996003     0.68398300000000000765
    0.58199999999999996181     0.68326299999999995372
    0.58399999999999996358     0.68254599999999998605
    0.58599999999999996536     0.68183099999999996488
    0.58799999999999996714     0.68111900000000002997
    0.58999999999999996891     0.68040999999999995929
    0.59199999999999997069     0.67970399999999997487
    0.59399999999999997247     0.67900099999999996569
    0.59599999999999997424     0.67830000000000001403
    0.59799999999999997602     0.67760200000000003762
    0.59999999999999997780     0.67690600000000000769
    0.60199999999999997957     0.67621399999999998176
    0.60399999999999998135     0.67552400000000001334
    0.60599999999999998312     0.67483700000000002017
    0.60799999999999998490     0.67415300000000000225
    0.60999999999999998668     0.67347199999999995956
    0.61199999999999998845     0.67279299999999997439
    0.61399999999999999023     0.67211699999999996447
    0.61599999999999999201     0.67144400000000004081
    0.61799999999999999378     0.67077399999999998137
    0.61999999999999999556     0.67010599999999997944
    0.62199999999999999734     0.66944099999999995276
    0.62399999999999999911     0.66878000000000004110
    0.62600000000000000089     0.66812000000000004718
    0.62800000000000000266     0.66746399999999994623
    0.63000000000000000444     0.66681100000000004258
    0.63200000000000000622     0.66615999999999997438
    0.63400000000000000799     0.66551199999999999246
    0.63600000000000000977     0.66486699999999998578
    0.63800000000000001155     0.66422499999999995435
    0.64000000000000001332     0.66358600000000000918
    0.64200000000000001510     0.66295000000000003926
    0.64400000000000001688     0.66231600000000001582
    0.64600000000000001865     0.66168499999999996763
    0.64800000000000002043     0.66105800000000003447
    0.65000000000000002220     0.66043300000000004779
    0.65200000000000002398     0.65981100000000003636
    0.65400000000000002576     0.65919099999999997141
    0.65600000000000002753     0.65857500000000002149
    0.65800000000000002931     0.65796200000000004682
    0.66000000000000003109     0.65735100000000001863
    0.66200000000000003286     0.65674299999999996569
    0.66400000000000003464     0.65613900000000002777
    0.66600000000000003642     0.65553700000000003634
    0.66800000000000003819     0.65493800000000002015
    0.67000000000000003997     0.65434199999999997921
    0.67200000000000004174     0.65374900000000002454
    0.67400000000000004352     0.65315900000000004511
    0.67600000000000004530     0.65257200000000004092
    0.67800000000000004707     0.65198699999999998322
    0.68000000000000004885     0.65140600000000004055
    0.68200000000000005063     0.65082799999999996210
    0.68400000000000005240     0.65025200000000005218
    0.68600000000000005418     0.64968000000000003524
    0.68799999999999994493     0.64910999999999996479
    0.68999999999999994671     0.64854400000000000936
    0.69199999999999994849     0.64798100000000002918
    0.69399999999999995026     0.64741999999999999549
    0.69599999999999995204     0.64686299999999996579
    0.69799999999999995381     0.64630799999999999361
    0.69999999999999995559     0.64575700000000002543
    0.70199999999999995737     0.64520800000000000374
    0.70399999999999995914     0.64466299999999998604
    0.70599999999999996092     0.64412000000000002586
    0.70799999999999996270     0.64358099999999995866
    0.70999999999999996447     0.64304399999999994897
    0.71199999999999996625     0.64251100000000005430
    0.71399999999999996803     0.64198100000000002385
    0.71599999999999996980     0.64145399999999996865
    0.71799999999999997158     0.64092899999999997096
    0.71999999999999997335     0.64040799999999997727
    0.72199999999999997513     0.63988999999999995882
    0.72399999999999997691     0.63937600000000005540
    0.72599999999999997868     0.63886399999999998744
    0.72799999999999998046     0.63835500000000000576
    0.72999999999999998224     0.63784899999999999931
    0.73199999999999998401     0.63734699999999999687
    0.73399999999999998579     0.63684700000000005193
    0.73599999999999998757     0.63635099999999999998
    0.73799999999999998934     0.63585800000000003429
    0.73999999999999999112     0.63536800000000004385
    0.74199999999999999289     0.63488100000000002865
    0.74399999999999999467     0.63439699999999998870
    0.74599999999999999645     0.63391699999999995274
    0.74799999999999999822     0.63344000000000000306
    0.75000000000000000000     0.63296499999999999986
    0.75200000000000000178     0.63249400000000000066
    0.75400000000000000355     0.63202599999999997671
    0.75600000000000000533     0.63156199999999995676
    0.75800000000000000711     0.63109999999999999432
    0.76000000000000000888     0.63064200000000003588
    0.76200000000000001066     0.63018700000000005268
    0.76400000000000001243     0.62973500000000004473
    0.76600000000000001421     0.62928700000000004078
    0.76800000000000001599     0.62884099999999998332
    0.77000000000000001776     0.62839900000000004088
    0.77200000000000001954     0.62795999999999996266
    0.77400000000000002132     0.62752499999999999947
    0.77600000000000002309     0.62709300000000001152
    0.77800000000000002487     0.62666399999999999881
    0.78000000000000002665     0.62623799999999996135
    0.78200000000000002842     0.62581500000000001016
    0.78400000000000003020     0.62539599999999995195
    0.78600000000000003197     0.62498100000000000875
    0.78800000000000003375     0.62456800000000001205
    0.79000000000000003553     0.62415900000000001935
    0.79200000000000003730     0.62375300000000000189
    0.79400000000000003908     0.62335099999999998843
    0.79600000000000004086     0.62295100000000003249
    0.79800000000000004263     0.62255599999999999827
    0.80000000000000004441     0.62216300000000002157
    0.80200000000000004619     0.62177400000000004887
    0.80400000000000004796     0.62138899999999996915
    0.80600000000000004974     0.62100599999999994694
    0.80800000000000005151     0.62062700000000003975
    0.81000000000000005329     0.62025200000000002554
    0.81200000000000005507     0.61987999999999998657
    0.81399999999999994582     0.61951100000000003387
    0.81599999999999994760     0.61914599999999997415
    0.81799999999999994937     0.61878500000000002945
    0.81999999999999995115     0.61842600000000003124
    0.82199999999999995293     0.61807199999999995477
    0.82399999999999995470     0.61772000000000004682
    0.82599999999999995648     0.61737200000000003186
    0.82799999999999995826     0.61702800000000002090
    0.82999999999999996003     0.61668699999999998518
    0.83199999999999996181     0.61634999999999995346
    0.83399999999999996358     0.61601600000000000801
    0.83599999999999996536     0.61568599999999995553
    0.83799999999999996714     0.61535899999999998933
    0.83999999999999996891     0.61503600000000002712
    0.84199999999999997069     0.61471600000000004016
    0.84399999999999997247     0.61439999999999994618
    0.84599999999999997424     0.61408799999999996722
    0.84799999999999997602     0.61377899999999996350
    0.84999999999999997780     0.61347399999999996378
    0.85199999999999997957     0.61317200000000005033
    0.85399999999999998135     0.61287400000000002986
    0.85599999999999998312     0.61258000000000001339
    0.85799999999999998490     0.61228899999999997217
    0.85999999999999998668     0.61200200000000004597
    0.86199999999999998845     0.61171799999999998398
    0.86399999999999999023     0.61143899999999995476
    0.86599999999999999201     0.61116199999999998305
    0.86799999999999999378     0.61089000000000004409
    0.86999999999999999556     0.61062099999999996935
    0.87199999999999999734     0.61035600000000000964
    0.87399999999999999911     0.61009500000000005393
    0.87600000000000000089     0.60983699999999996244
    0.87800000000000000266     0.60958400000000001473
    0.88000000000000000444     0.60933400000000004226
    0.88200000000000000622     0.60908700000000004504
    0.88400000000000000799     0.60884499999999996955
    0.88600000000000000977     0.60860599999999998033
    0.88800000000000001155     0.60837099999999999511
    0.89000000000000001332     0.60814000000000001389
    0.89200000000000001510     0.60791300000000003667
    0.89400000000000001688     0.60768900000000003470
    0.89600000000000001865     0.60746999999999995445
    0.89800000000000002043     0.60725399999999996048
    0.90000000000000002220     0.60704199999999997051
    0.90200000000000002398     0.60683399999999998453
    0.90400000000000002576     0.60663000000000000256
    0.90600000000000002753     0.60642899999999999583
    0.90800000000000002931     0.60623300000000002186
    0.91000000000000003109     0.60604100000000005188
    0.91200000000000003286     0.60585199999999994613
    0.91400000000000003464     0.60566799999999998416
    0.91600000000000003642     0.60548699999999999743
    0.91800000000000003819     0.60531100000000004346
    0.92000000000000003997     0.60513799999999995372
    0.92200000000000004174     0.60496899999999997899
    0.92400000000000004352     0.60480500000000003702
    0.92600000000000004530     0.60464399999999995927
    0.92800000000000004707     0.60448800000000002530
    0.93000000000000004885     0.60433499999999995556
    0.93200000000000005063     0.60418700000000002959
    0.93400000000000005240     0.60404299999999999660
    0.93600000000000005418     0.60390200000000004987
    0.93799999999999994493     0.60376600000000002488
    0.93999999999999994671     0.60363400000000000389
    0.94199999999999994849     0.60350599999999998690
    0.94399999999999995026     0.60338199999999997392
    0.94599999999999995204     0.60326299999999999368
    0.94799999999999995381     0.60314699999999998870
    0.94999999999999995559     0.60303600000000001646
    0.95199999999999995737     0.60292900000000004823
    0.95399999999999995914     0.60282599999999997298
    0.95599999999999996092     0.60272700000000001275
    0.95799999999999996270     0.60263299999999997425
    0.95999999999999996447     0.60254300000000005078
    0.96199999999999996625     0.60245700000000002028
    0.96399999999999996803     0.60237499999999999378
    0.96599999999999996980     0.60229800000000000004
    0.96799999999999997158     0.60222500000000001030
    0.96999999999999997335     0.60215600000000002456
    0.97199999999999997513     0.60209199999999996056
    0.97399999999999997691     0.60203099999999998282
    0.97599999999999997868     0.60197599999999995557
    0.97799999999999998046     0.60192400000000001459
    0.97999999999999998224     0.60187699999999999534
    0.98199999999999998401     0.60183500000000000885
    0.98399999999999998579     0.60179700000000002635
    0.98599999999999998757     0.60176300000000004786
    0.98799999999999998934     0.60173399999999999110
    0.98999999999999999112     0.60170900000000004937
    0.99199999999999999289     0.60168900000000002937
    0.99399999999999999467     0.60167300000000001337
    0.99599999999999999645     0.60166100000000000136
    0.99799999999999999822     0.60165500000000005087
    1.00000000000000000000     0.60165199999999996461
    1.00200000000000000178     0.60165500000000005087
