       x      Css
    0.00000000000000000000     1.00000000000000000000
    0.00200000000000000004     0.99786099999999999799
    0.00400000000000000008     0.99572599999999999998
    0.00600000000000000012     0.99359600000000003472
    0.00800000000000000017     0.99147200000000001996
    0.01000000000000000021     0.98935200000000000919
    0.01200000000000000025     0.98723700000000003119
    0.01400000000000000029     0.98512699999999997491
    0.01600000000000000033     0.98302199999999995139
    0.01799999999999999864     0.98092199999999996063
    0.02000000000000000042     0.97882700000000000262
    0.02199999999999999872     0.97673600000000004862
    0.02400000000000000050     0.97465100000000004510
    0.02599999999999999881     0.97257000000000004558
    0.02800000000000000058     0.97049399999999996780
    0.02999999999999999889     0.96842300000000003379
    0.03200000000000000067     0.96635700000000002152
    0.03400000000000000244     0.96429500000000001325
    0.03599999999999999728     0.96223800000000003774
    0.03799999999999999906     0.96018700000000001271
    0.04000000000000000083     0.95813899999999996293
    0.04200000000000000261     0.95609699999999997466
    0.04399999999999999745     0.95405899999999999039
    0.04599999999999999922     0.95202699999999995661
    0.04800000000000000100     0.94999900000000003786
    0.05000000000000000278     0.94797500000000001208
    0.05199999999999999761     0.94595700000000004781
    0.05399999999999999939     0.94394299999999997652
    0.05600000000000000117     0.94193300000000002026
    0.05800000000000000294     0.93992900000000001448
    0.05999999999999999778     0.93792900000000001270
    0.06199999999999999956     0.93593400000000004368
    0.06400000000000000133     0.93394399999999999640
    0.06600000000000000311     0.93195799999999995311
    0.06800000000000000488     0.92997700000000005360
    0.07000000000000000666     0.92800000000000004707
    0.07199999999999999456     0.92602899999999999103
    0.07399999999999999634     0.92406200000000005002
    0.07599999999999999811     0.92209900000000000198
    0.07799999999999999989     0.92014099999999998669
    0.08000000000000000167     0.91818800000000000416
    0.08200000000000000344     0.91623900000000002564
    0.08400000000000000522     0.91429499999999996884
    0.08599999999999999312     0.91235599999999994481
    0.08799999999999999489     0.91042100000000003579
    0.08999999999999999667     0.90849100000000004851
    0.09199999999999999845     0.90656499999999995421
    0.09400000000000000022     0.90464400000000000368
    0.09600000000000000200     0.90272699999999994613
    0.09800000000000000377     0.90081500000000003237
    0.10000000000000000555     0.89890700000000001157
    0.10199999999999999345     0.89700400000000002354
    0.10399999999999999523     0.89510599999999995724
    0.10599999999999999700     0.89321200000000000596
    0.10799999999999999878     0.89132199999999994766
    0.11000000000000000056     0.88943700000000003314
    0.11200000000000000233     0.88755700000000004035
    0.11400000000000000411     0.88568100000000005156
    0.11600000000000000588     0.88380899999999995575
    0.11799999999999999378     0.88194200000000000372
    0.11999999999999999556     0.88007999999999997343
    0.12199999999999999734     0.87822199999999994713
    0.12399999999999999911     0.87636800000000003585
    0.12600000000000000089     0.87451900000000004631
    0.12800000000000000266     0.87267399999999994975
    0.13000000000000000444     0.87083399999999999697
    0.13200000000000000622     0.86899800000000004818
    0.13400000000000000799     0.86716599999999999238
    0.13600000000000000977     0.86533899999999996933
    0.13800000000000001155     0.86351599999999995028
    0.14000000000000001332     0.86169799999999996398
    0.14199999999999998734     0.85988399999999998169
    0.14399999999999998912     0.85807400000000000340
    0.14599999999999999090     0.85626899999999994684
    0.14799999999999999267     0.85446800000000000530
    0.14999999999999999445     0.85267199999999998550
    0.15199999999999999623     0.85087999999999996970
    0.15399999999999999800     0.84909199999999995789
    0.15599999999999999978     0.84730799999999995009
    0.15800000000000000155     0.84552899999999997505
    0.16000000000000000333     0.84375500000000003276
    0.16200000000000000511     0.84198399999999995469
    0.16400000000000000688     0.84021800000000002040
    0.16600000000000000866     0.83845599999999997909
    0.16800000000000001044     0.83669800000000005280
    0.17000000000000001221     0.83494500000000004825
    0.17199999999999998623     0.83319600000000004769
    0.17399999999999998801     0.83145100000000005114
    0.17599999999999998979     0.82971099999999997632
    0.17799999999999999156     0.82797500000000001652
    0.17999999999999999334     0.82624299999999994970
    0.18199999999999999512     0.82451499999999999790
    0.18399999999999999689     0.82279199999999996784
    0.18599999999999999867     0.82107200000000002404
    0.18800000000000000044     0.81935700000000000198
    0.19000000000000000222     0.81764700000000001268
    0.19200000000000000400     0.81593999999999999861
    0.19400000000000000577     0.81423800000000001731
    0.19600000000000000755     0.81254000000000004000
    0.19800000000000000933     0.81084599999999995568
    0.20000000000000001110     0.80915599999999998637
    0.20200000000000001288     0.80747100000000004982
    0.20399999999999998690     0.80578899999999997750
    0.20599999999999998868     0.80411200000000004895
    0.20799999999999999045     0.80243900000000001338
    0.20999999999999999223     0.80076999999999998181
    0.21199999999999999400     0.79910599999999998300
    0.21399999999999999578     0.79744499999999995943
    0.21599999999999999756     0.79578899999999996862
    0.21799999999999999933     0.79413699999999998180
    0.22000000000000000111     0.79248899999999999899
    0.22200000000000000289     0.79084500000000002018
    0.22400000000000000466     0.78920500000000004537
    0.22600000000000000644     0.78756899999999996353
    0.22800000000000000822     0.78593699999999999672
    0.23000000000000000999     0.78430999999999995165
    0.23200000000000001177     0.78268700000000002159
    0.23400000000000001354     0.78106699999999995576
    0.23599999999999998757     0.77945200000000003371
    0.23799999999999998934     0.77784100000000000463
    0.23999999999999999112     0.77623399999999997956
    0.24199999999999999289     0.77463099999999995848
    0.24399999999999999467     0.77303200000000005243
    0.24599999999999999645     0.77143700000000003936
    0.24799999999999999822     0.76984699999999994802
    0.25000000000000000000     0.76826000000000005397
    0.25200000000000000178     0.76667700000000005289
    0.25400000000000000355     0.76509899999999997355
    0.25600000000000000533     0.76352399999999998048
    0.25800000000000000711     0.76195400000000002017
    0.26000000000000000888     0.76038700000000003509
    0.26200000000000001066     0.75882499999999997176
    0.26400000000000001243     0.75726599999999999469
    0.26600000000000001421     0.75571200000000005037
    0.26800000000000001599     0.75416199999999999903
    0.27000000000000001776     0.75261500000000003396
    0.27200000000000001954     0.75107299999999999063
    0.27400000000000002132     0.74953400000000003356
    0.27600000000000002309     0.74799999999999999822
    0.27800000000000002487     0.74646900000000004916
    0.28000000000000002665     0.74494300000000002182
    0.28199999999999997291     0.74341999999999996973
    0.28399999999999997469     0.74190199999999995040
    0.28599999999999997646     0.74038700000000001733
    0.28799999999999997824     0.73887700000000000600
    0.28999999999999998002     0.73736999999999996991
    0.29199999999999998179     0.73586799999999996658
    0.29399999999999998357     0.73436900000000004951
    0.29599999999999998535     0.73287400000000002542
    0.29799999999999998712     0.73138300000000000534
    0.29999999999999998890     0.72989599999999998925
    0.30199999999999999067     0.72841299999999997716
    0.30399999999999999245     0.72693399999999996908
    0.30599999999999999423     0.72545899999999996499
    0.30799999999999999600     0.72398799999999996491
    0.30999999999999999778     0.72252099999999996882
    0.31199999999999999956     0.72105699999999994798
    0.31400000000000000133     0.71959799999999995990
    0.31600000000000000311     0.71814199999999994706
    0.31800000000000000488     0.71669099999999996697
    0.32000000000000000666     0.71524299999999996214
    0.32200000000000000844     0.71379899999999996130
    0.32400000000000001021     0.71235899999999996446
    0.32600000000000001199     0.71092299999999997162
    0.32800000000000001377     0.70949099999999998278
    0.33000000000000001554     0.70806199999999996919
    0.33200000000000001732     0.70663799999999998835
    0.33400000000000001910     0.70521699999999998276
    0.33600000000000002087     0.70380100000000000993
    0.33800000000000002265     0.70238800000000001234
    0.34000000000000002442     0.70097900000000001874
    0.34200000000000002620     0.69957300000000000040
    0.34399999999999997247     0.69817200000000001481
    0.34599999999999997424     0.69677500000000003322
    0.34799999999999997602     0.69538100000000002687
    0.34999999999999997780     0.69399100000000002453
    0.35199999999999997957     0.69260500000000002618
    0.35399999999999998135     0.69122300000000003184
    0.35599999999999998312     0.68984500000000004150
    0.35799999999999998490     0.68847000000000002640
    0.35999999999999998668     0.68710000000000004405
    0.36199999999999998845     0.68573300000000003696
    0.36399999999999999023     0.68437000000000003386
    0.36599999999999999201     0.68301100000000003476
    0.36799999999999999378     0.68165500000000001091
    0.36999999999999999556     0.68030400000000001981
    0.37199999999999999734     0.67895600000000000396
    0.37399999999999999911     0.67761199999999999211
    0.37600000000000000089     0.67627199999999998425
    0.37800000000000000266     0.67493499999999995165
    0.38000000000000000444     0.67360299999999995180
    0.38200000000000000622     0.67227400000000003821
    0.38400000000000000799     0.67094900000000001761
    0.38600000000000000977     0.66962800000000000100
    0.38800000000000001155     0.66830999999999995964
    0.39000000000000001332     0.66699699999999995104
    0.39200000000000001510     0.66568700000000002870
    0.39400000000000001688     0.66438099999999999934
    0.39600000000000001865     0.66307799999999994522
    0.39800000000000002043     0.66178000000000003489
    0.40000000000000002220     0.66048499999999998877
    0.40200000000000002398     0.65919399999999994666
    0.40400000000000002576     0.65790700000000001957
    0.40600000000000002753     0.65662299999999995670
    0.40799999999999997380     0.65534400000000003761
    0.40999999999999997558     0.65406799999999998274
    0.41199999999999997735     0.65279500000000001414
    0.41399999999999997913     0.65152699999999996727
    0.41599999999999998090     0.65026200000000000667
    0.41799999999999998268     0.64900100000000005007
    0.41999999999999998446     0.64774399999999998645
    0.42199999999999998623     0.64649000000000000909
    0.42399999999999998801     0.64524099999999995347
    0.42599999999999998979     0.64399499999999998412
    0.42799999999999999156     0.64275199999999999001
    0.42999999999999999334     0.64151400000000002866
    0.43199999999999999512     0.64027900000000004255
    0.43399999999999999689     0.63904799999999994942
    0.43599999999999999867     0.63782099999999997131
    0.43800000000000000044     0.63659699999999996844
    0.44000000000000000222     0.63537699999999996958
    0.44200000000000000400     0.63416099999999997472
    0.44400000000000000577     0.63294899999999998386
    0.44600000000000000755     0.63173999999999996824
    0.44800000000000000933     0.63053499999999995662
    0.45000000000000001110     0.62933399999999994900
    0.45200000000000001288     0.62813600000000002765
    0.45400000000000001465     0.62694199999999999928
    0.45600000000000001643     0.62575199999999997491
    0.45800000000000001821     0.62456599999999995454
    0.46000000000000001998     0.62338300000000002044
    0.46200000000000002176     0.62220399999999997931
    0.46400000000000002354     0.62102900000000005321
    0.46600000000000002531     0.61985699999999999132
    0.46800000000000002709     0.61868999999999996220
    0.46999999999999997335     0.61752499999999999059
    0.47199999999999997513     0.61636500000000005173
    0.47399999999999997691     0.61520799999999997709
    0.47599999999999997868     0.61405500000000001748
    0.47799999999999998046     0.61290599999999995084
    0.47999999999999998224     0.61176099999999999923
    0.48199999999999998401     0.61061900000000002287
    0.48399999999999998579     0.60948100000000005050
    0.48599999999999998757     0.60834600000000005338
    0.48799999999999998934     0.60721499999999994923
    0.48999999999999999112     0.60608799999999996011
    0.49199999999999999289     0.60496499999999997499
    0.49399999999999999467     0.60384499999999996511
    0.49599999999999999645     0.60272999999999998799
    0.49799999999999999822     0.60161699999999995736
    0.50000000000000000000     0.60050899999999995948
    0.50200000000000000178     0.59940400000000004788
    0.50400000000000000355     0.59830300000000002925
    0.50600000000000000533     0.59720600000000001462
    0.50800000000000000711     0.59611199999999997523
    0.51000000000000000888     0.59502200000000005087
    0.51200000000000001066     0.59393600000000001948
    0.51400000000000001243     0.59285299999999996334
    0.51600000000000001421     0.59177400000000002223
    0.51800000000000001599     0.59069899999999997409
    0.52000000000000001776     0.58962800000000004097
    0.52200000000000001954     0.58855999999999997208
    0.52400000000000002132     0.58749600000000001820
    0.52600000000000002309     0.58643500000000003958
    0.52800000000000002487     0.58537899999999998268
    0.53000000000000002665     0.58432600000000001206
    0.53200000000000002842     0.58327700000000004543
    0.53400000000000003020     0.58223100000000005405
    0.53600000000000003197     0.58118899999999995565
    0.53800000000000003375     0.58015099999999997227
    0.54000000000000003553     0.57911699999999999289
    0.54200000000000003730     0.57808599999999998875
    0.54400000000000003908     0.57705899999999998862
    0.54600000000000004086     0.57603599999999999248
    0.54800000000000004263     0.57501700000000000035
    0.55000000000000004441     0.57400099999999998346
    0.55200000000000004619     0.57298899999999997057
    0.55400000000000004796     0.57198000000000004395
    0.55600000000000004974     0.57097600000000003906
    0.55800000000000005151     0.56997500000000000941
    0.56000000000000005329     0.56897799999999998377
    0.56200000000000005507     0.56798400000000004439
    0.56399999999999994582     0.56699500000000002675
    0.56599999999999994760     0.56600899999999998435
    0.56799999999999994937     0.56502600000000002822
    0.56999999999999995115     0.56404799999999999383
    0.57199999999999995293     0.56307300000000004570
    0.57399999999999995470     0.56210199999999999054
    0.57599999999999995648     0.56113500000000005041
    0.57799999999999995826     0.56017099999999997451
    0.57999999999999996003     0.55921100000000001362
    0.58199999999999996181     0.55825499999999994571
    0.58399999999999996358     0.55730299999999999283
    0.58599999999999996536     0.55635400000000001519
    0.58799999999999996714     0.55540999999999995929
    0.58999999999999996891     0.55446899999999998965
    0.59199999999999997069     0.55353099999999999525
    0.59399999999999997247     0.55259800000000003362
    0.59599999999999997424     0.55166800000000004722
    0.59799999999999997602     0.55074199999999995381
    0.59999999999999997780     0.54981999999999997542
    0.60199999999999997957     0.54890099999999997227
    0.60399999999999998135     0.54798599999999997312
    0.60599999999999998312     0.54707600000000000673
    0.60799999999999998490     0.54616799999999998683
    0.60999999999999998668     0.54526499999999999968
    0.61199999999999998845     0.54436499999999998778
    0.61399999999999999023     0.54347000000000000863
    0.61599999999999999201     0.54257800000000000473
    0.61799999999999999378     0.54168899999999997608
    0.61999999999999999556     0.54080499999999998018
    0.62199999999999999734     0.53992399999999995952
    0.62399999999999999911     0.53904799999999997162
    0.62600000000000000089     0.53817499999999995897
    0.62800000000000000266     0.53730500000000003258
    0.63000000000000000444     0.53644000000000002792
    0.63200000000000000622     0.53557799999999999851
    0.63400000000000000799     0.53472100000000000186
    0.63600000000000000977     0.53386699999999998045
    0.63800000000000001155     0.53301699999999996304
    0.64000000000000001332     0.53217099999999994964
    0.64200000000000001510     0.53132800000000002250
    0.64400000000000001688     0.53049000000000001709
    0.64600000000000001865     0.52965499999999998693
    0.64800000000000002043     0.52882399999999996076
    0.65000000000000002220     0.52799700000000004962
    0.65200000000000002398     0.52717400000000003146
    0.65400000000000002576     0.52635500000000001730
    0.65600000000000002753     0.52553899999999997839
    0.65800000000000002931     0.52472799999999997222
    0.66000000000000003109     0.52392000000000005233
    0.66200000000000003286     0.52311600000000002542
    0.66400000000000003464     0.52231600000000000250
    0.66600000000000003642     0.52151999999999998359
    0.66800000000000003819     0.52072799999999996867
    0.67000000000000003997     0.51993999999999995776
    0.67200000000000004174     0.51915599999999995084
    0.67400000000000004352     0.51837599999999994793
    0.67600000000000004530     0.51759900000000003129
    0.67800000000000004707     0.51682700000000003637
    0.68000000000000004885     0.51605800000000001670
    0.68200000000000005063     0.51529300000000000104
    0.68400000000000005240     0.51453300000000001813
    0.68600000000000005418     0.51377600000000001046
    0.68799999999999994493     0.51302300000000000679
    0.68999999999999994671     0.51227400000000000713
    0.69199999999999994849     0.51152900000000001146
    0.69399999999999995026     0.51078900000000004855
    0.69599999999999995204     0.51005199999999994986
    0.69799999999999995381     0.50931899999999996620
    0.69999999999999995559     0.50858999999999998654
    0.70199999999999995737     0.50786500000000001087
    0.70399999999999995914     0.50714400000000003921
    0.70599999999999996092     0.50642699999999996052
    0.70799999999999996270     0.50571399999999999686
    0.70999999999999996447     0.50500500000000003720
    0.71199999999999996625     0.50429999999999997051
    0.71399999999999996803     0.50359900000000001885
    0.71599999999999996980     0.50290199999999996017
    0.71799999999999997158     0.50221000000000004526
    0.71999999999999997335     0.50152099999999999458
    0.72199999999999997513     0.50083599999999994790
    0.72399999999999997691     0.50015600000000004499
    0.72599999999999997868     0.49947900000000000631
    0.72799999999999998046     0.49880700000000000038
    0.72999999999999998224     0.49813800000000002521
    0.73199999999999998401     0.49747400000000002729
    0.73399999999999998579     0.49681399999999997785
    0.73599999999999998757     0.49615799999999998793
    0.73799999999999998934     0.49550600000000000200
    0.73999999999999999112     0.49485899999999999332
    0.74199999999999999289     0.49421500000000001540
    0.74399999999999999467     0.49357499999999998597
    0.74599999999999999645     0.49293999999999998929
    0.74799999999999999822     0.49230899999999999661
    0.75000000000000000000     0.49168200000000000793
    0.75200000000000000178     0.49105900000000002326
    0.75400000000000000355     0.49044100000000001582
    0.75600000000000000533     0.48982599999999998364
    0.75800000000000000711     0.48921599999999998420
    0.76000000000000000888     0.48860999999999998877
    0.76200000000000001066     0.48800799999999999734
    0.76400000000000001243     0.48741099999999998316
    0.76600000000000001421     0.48681799999999997297
    0.76800000000000001599     0.48622900000000002230
    0.77000000000000001776     0.48564400000000002011
    0.77200000000000001954     0.48506300000000002193
    0.77400000000000002132     0.48448700000000000099
    0.77600000000000002309     0.48391499999999998405
    0.77800000000000002487     0.48334799999999999986
    0.78000000000000002665     0.48278399999999999093
    0.78200000000000002842     0.48222500000000001474
    0.78400000000000003020     0.48167100000000001581
    0.78600000000000003197     0.48111999999999999211
    0.78800000000000003375     0.48057400000000000118
    0.79000000000000003553     0.48003299999999998748
    0.79200000000000003730     0.47949500000000000455
    0.79400000000000003908     0.47896199999999999886
    0.79600000000000004086     0.47843400000000002592
    0.79800000000000004263     0.47791000000000000147
    0.80000000000000004441     0.47738999999999998103
    0.80200000000000004619     0.47687499999999999334
    0.80400000000000004796     0.47636400000000000965
    0.80600000000000004974     0.47585800000000000320
    0.80800000000000005151     0.47535600000000000076
    0.81000000000000005329     0.47485800000000000232
    0.81200000000000005507     0.47436600000000000987
    0.81399999999999994582     0.47387699999999999267
    0.81599999999999994760     0.47339300000000000823
    0.81799999999999994937     0.47291400000000000103
    0.81999999999999995115     0.47243899999999999784
    0.82199999999999995293     0.47196799999999999864
    0.82399999999999995470     0.47150199999999997669
    0.82599999999999995648     0.47104099999999998749
    0.82799999999999995826     0.47058400000000000230
    0.82999999999999996003     0.47013199999999999434
    0.83199999999999996181     0.46968500000000001915
    0.83399999999999996358     0.46924199999999999244
    0.83599999999999996536     0.46880399999999999849
    0.83799999999999996714     0.46837000000000000854
    0.83999999999999996891     0.46794099999999999584
    0.84199999999999997069     0.46751700000000001589
    0.84399999999999997247     0.46709699999999998443
    0.84599999999999997424     0.46668199999999998573
    0.84799999999999997602     0.46627200000000001978
    0.84999999999999997780     0.46586600000000000232
    0.85199999999999997957     0.46546500000000001762
    0.85399999999999998135     0.46506900000000001016
    0.85599999999999998312     0.46467799999999997995
    0.85799999999999998490     0.46429199999999998250
    0.85999999999999998668     0.46390999999999998904
    0.86199999999999998845     0.46353299999999997283
    0.86399999999999999023     0.46316099999999998937
    0.86599999999999999201     0.46279399999999998316
    0.86799999999999999378     0.46243099999999998095
    0.86999999999999999556     0.46207399999999998474
    0.87199999999999999734     0.46172099999999999254
    0.87399999999999999911     0.46137299999999997757
    0.87600000000000000089     0.46102999999999999536
    0.87800000000000000266     0.46069199999999999040
    0.88000000000000000444     0.46035900000000001819
    0.88200000000000000622     0.46003100000000002323
    0.88400000000000000799     0.45970800000000000551
    0.88600000000000000977     0.45939000000000002055
    0.88800000000000001155     0.45907700000000001284
    0.89000000000000001332     0.45876800000000000912
    0.89200000000000001510     0.45846500000000001140
    0.89400000000000001688     0.45816699999999999093
    0.89600000000000001865     0.45787400000000000322
    0.89800000000000002043     0.45758599999999999275
    0.90000000000000002220     0.45730399999999998828
    0.90200000000000002398     0.45702599999999998781
    0.90400000000000002576     0.45675300000000002010
    0.90600000000000002753     0.45648600000000000287
    0.90800000000000002931     0.45622400000000001841
    0.91000000000000003109     0.45596700000000001118
    0.91200000000000003286     0.45571499999999998121
    0.91400000000000003464     0.45546799999999998398
    0.91600000000000003642     0.45522699999999999276
    0.91800000000000003819     0.45499099999999997879
    0.92000000000000003997     0.45475999999999999757
    0.92200000000000004174     0.45453399999999999359
    0.92400000000000004352     0.45431399999999999562
    0.92600000000000004530     0.45409899999999997489
    0.92800000000000004707     0.45389000000000001567
    0.93000000000000004885     0.45368500000000000494
    0.93200000000000005063     0.45348699999999997345
    0.93400000000000005240     0.45329300000000000148
    0.93600000000000005418     0.45310499999999998000
    0.93799999999999994493     0.45292300000000002003
    0.93999999999999994671     0.45274599999999998179
    0.94199999999999994849     0.45257399999999997631
    0.94399999999999995026     0.45240799999999997683
    0.94599999999999995204     0.45224799999999998334
    0.94799999999999995381     0.45209300000000002262
    0.94999999999999995559     0.45194299999999998363
    0.95199999999999995737     0.45179900000000000615
    0.95399999999999995914     0.45166099999999997916
    0.95599999999999996092     0.45152799999999998493
    0.95799999999999996270     0.45140099999999999669
    0.95999999999999996447     0.45128000000000001446
    0.96199999999999996625     0.45116499999999998272
    0.96399999999999996803     0.45105499999999998373
    0.96599999999999996980     0.45095099999999999074
    0.96799999999999997158     0.45085199999999997500
    0.96999999999999997335     0.45075999999999999401
    0.97199999999999997513     0.45067299999999999027
    0.97399999999999997691     0.45059199999999999253
    0.97599999999999997868     0.45051700000000000079
    0.97799999999999998046     0.45044800000000001505
    0.97999999999999998224     0.45038400000000000656
    0.98199999999999998401     0.45032699999999997731
    0.98399999999999998579     0.45027499999999998082
    0.98599999999999998757     0.45023000000000001908
    0.98799999999999998934     0.45018999999999997907
    0.98999999999999999112     0.45015699999999997383
    0.99199999999999999289     0.45012900000000000134
    0.99399999999999999467     0.45010800000000000809
    0.99599999999999999645     0.45009300000000002084
    0.99799999999999999822     0.45008300000000001084
    1.00000000000000000000     0.45007999999999998009
    1.00200000000000000178     0.45008300000000001084
