       x      Css
    0.00000000000000000000     1.00000000000000000000
    0.00200000000000000004     0.99925200000000002909
    0.00400000000000000008     0.99850499999999997591
    0.00600000000000000012     0.99775999999999998025
    0.00800000000000000017     0.99701600000000001334
    0.01000000000000000021     0.99627399999999999292
    0.01200000000000000025     0.99553400000000003001
    0.01400000000000000029     0.99479399999999995607
    0.01600000000000000033     0.99405699999999996841
    0.01799999999999999864     0.99331999999999998074
    0.02000000000000000042     0.99258599999999996832
    0.02199999999999999872     0.99185199999999995590
    0.02400000000000000050     0.99112000000000000099
    0.02599999999999999881     0.99038999999999999257
    0.02800000000000000058     0.98966100000000001291
    0.02999999999999999889     0.98893399999999997974
    0.03200000000000000067     0.98820799999999997532
    0.03400000000000000244     0.98748299999999999965
    0.03599999999999999728     0.98675999999999997048
    0.03799999999999999906     0.98603799999999997006
    0.04000000000000000083     0.98531800000000002715
    0.04200000000000000261     0.98459900000000000198
    0.04399999999999999745     0.98388200000000003431
    0.04599999999999999922     0.98316599999999998438
    0.04800000000000000100     0.98245199999999999196
    0.05000000000000000278     0.98173900000000002830
    0.05199999999999999761     0.98102699999999998237
    0.05399999999999999939     0.98031699999999999395
    0.05600000000000000117     0.97960899999999995202
    0.05800000000000000294     0.97890100000000002112
    0.05999999999999999778     0.97819599999999995443
    0.06199999999999999956     0.97749099999999999877
    0.06400000000000000133     0.97678799999999998960
    0.06600000000000000311     0.97608700000000003794
    0.06800000000000000488     0.97538700000000000401
    0.07000000000000000666     0.97468799999999999883
    0.07199999999999999456     0.97399100000000005117
    0.07399999999999999634     0.97329500000000002125
    0.07599999999999999811     0.97260100000000004883
    0.07799999999999999989     0.97190799999999999415
    0.08000000000000000167     0.97121599999999996822
    0.08200000000000000344     0.97052599999999999980
    0.08400000000000000522     0.96983799999999997787
    0.08599999999999999312     0.96914999999999995595
    0.08799999999999999489     0.96846500000000002029
    0.08999999999999999667     0.96777999999999997360
    0.09199999999999999845     0.96709699999999998443
    0.09400000000000000022     0.96641500000000002402
    0.09600000000000000200     0.96573500000000001009
    0.09800000000000000377     0.96505600000000002492
    0.10000000000000000555     0.96437899999999998624
    0.10199999999999999345     0.96370299999999997631
    0.10399999999999999523     0.96302799999999999514
    0.10599999999999999700     0.96235499999999996046
    0.10799999999999999878     0.96168299999999995453
    0.11000000000000000056     0.96101300000000000612
    0.11200000000000000233     0.96034399999999997544
    0.11400000000000000411     0.95967599999999997351
    0.11600000000000000588     0.95901000000000002910
    0.11799999999999999378     0.95834500000000000242
    0.11999999999999999556     0.95768200000000003325
    0.12199999999999999734     0.95701999999999998181
    0.12399999999999999911     0.95635899999999995913
    0.12600000000000000089     0.95569999999999999396
    0.12800000000000000266     0.95504199999999994652
    0.13000000000000000444     0.95438500000000003887
    0.13200000000000000622     0.95372999999999996668
    0.13400000000000000799     0.95307600000000003426
    0.13600000000000000977     0.95242400000000004834
    0.13800000000000001155     0.95177299999999998015
    0.14000000000000001332     0.95112300000000005173
    0.14199999999999998734     0.95047499999999995879
    0.14399999999999998912     0.94982800000000000562
    0.14599999999999999090     0.94918199999999997019
    0.14799999999999999267     0.94853799999999999226
    0.14999999999999999445     0.94789599999999996083
    0.15199999999999999623     0.94725400000000004042
    0.15399999999999999800     0.94661399999999995547
    0.15599999999999999978     0.94597500000000001030
    0.15800000000000000155     0.94533800000000001162
    0.16000000000000000333     0.94470200000000004170
    0.16200000000000000511     0.94406800000000001827
    0.16400000000000000688     0.94343399999999999483
    0.16600000000000000866     0.94280200000000002891
    0.16800000000000001044     0.94217200000000000948
    0.17000000000000001221     0.94154300000000001880
    0.17199999999999998623     0.94091499999999994586
    0.17399999999999998801     0.94028900000000004145
    0.17599999999999998979     0.93966300000000002601
    0.17799999999999999156     0.93903999999999998582
    0.17999999999999999334     0.93841699999999994564
    0.18199999999999999512     0.93779599999999996296
    0.18399999999999999689     0.93717700000000003779
    0.18599999999999999867     0.93655800000000000161
    0.18800000000000000044     0.93594100000000002293
    0.19000000000000000222     0.93532599999999999074
    0.19200000000000000400     0.93471099999999995855
    0.19400000000000000577     0.93409900000000001263
    0.19600000000000000755     0.93348699999999995569
    0.19800000000000000933     0.93287699999999995626
    0.20000000000000001110     0.93226799999999998558
    0.20200000000000001288     0.93166000000000004366
    0.20399999999999998690     0.93105400000000004823
    0.20599999999999998868     0.93044899999999997053
    0.20799999999999999045     0.92984599999999995035
    0.20999999999999999223     0.92924300000000004118
    0.21199999999999999400     0.92864299999999999624
    0.21399999999999999578     0.92804299999999995130
    0.21599999999999999756     0.92744499999999996387
    0.21799999999999999933     0.92684800000000000519
    0.22000000000000000111     0.92625199999999996425
    0.22200000000000000289     0.92565799999999998082
    0.22400000000000000466     0.92506500000000002615
    0.22600000000000000644     0.92447400000000001796
    0.22800000000000000822     0.92388400000000003853
    0.23000000000000000999     0.92329499999999997684
    0.23200000000000001177     0.92270700000000005492
    0.23400000000000001354     0.92212099999999996847
    0.23599999999999998757     0.92153600000000002179
    0.23799999999999998934     0.92095300000000002161
    0.23999999999999999112     0.92037000000000002142
    0.24199999999999999289     0.91978899999999996773
    0.24399999999999999467     0.91920999999999997154
    0.24599999999999999645     0.91863200000000000411
    0.24799999999999999822     0.91805499999999995442
    0.25000000000000000000     0.91747900000000004450
    0.25200000000000000178     0.91690499999999997005
    0.25400000000000000355     0.91633200000000003538
    0.25600000000000000533     0.91576000000000001844
    0.25800000000000000711     0.91518999999999994799
    0.26000000000000000888     0.91462100000000001732
    0.26200000000000001066     0.91405300000000000438
    0.26400000000000001243     0.91348700000000004895
    0.26600000000000001421     0.91292200000000001125
    0.26800000000000001599     0.91235800000000000232
    0.27000000000000001776     0.91179600000000005089
    0.27200000000000001954     0.91123500000000001720
    0.27400000000000002132     0.91067500000000001226
    0.27600000000000002309     0.91011600000000003607
    0.27800000000000002487     0.90955900000000000638
    0.28000000000000002665     0.90900300000000000544
    0.28199999999999997291     0.90844899999999995099
    0.28399999999999997469     0.90789600000000003632
    0.28599999999999997646     0.90734400000000003939
    0.28799999999999997824     0.90679299999999996018
    0.28999999999999998002     0.90624400000000004951
    0.29199999999999998179     0.90569599999999994555
    0.29399999999999998357     0.90514899999999998137
    0.29599999999999998535     0.90460399999999996368
    0.29799999999999998712     0.90405999999999997474
    0.29999999999999998890     0.90351700000000001456
    0.30199999999999999067     0.90297600000000000087
    0.30399999999999999245     0.90243600000000001593
    0.30599999999999999423     0.90189699999999994873
    0.30799999999999999600     0.90135900000000002130
    0.30999999999999999778     0.90082300000000004037
    0.31199999999999999956     0.90028799999999997716
    0.31400000000000000133     0.89975499999999997147
    0.31600000000000000311     0.89922199999999996578
    0.31800000000000000488     0.89869200000000004636
    0.32000000000000000666     0.89816200000000001591
    0.32200000000000000844     0.89763400000000004297
    0.32400000000000001021     0.89710599999999995902
    0.32600000000000001199     0.89658099999999996133
    0.32800000000000001377     0.89605599999999996363
    0.33000000000000001554     0.89553300000000002346
    0.33200000000000001732     0.89501100000000000101
    0.33400000000000001910     0.89449100000000003607
    0.33600000000000002087     0.89397199999999998887
    0.33800000000000002265     0.89345399999999997043
    0.34000000000000002442     0.89293699999999998074
    0.34200000000000002620     0.89242200000000004856
    0.34399999999999997247     0.89190800000000003411
    0.34599999999999997424     0.89139500000000004842
    0.34799999999999997602     0.89088400000000000922
    0.34999999999999997780     0.89037399999999999878
    0.35199999999999997957     0.88986500000000001709
    0.35399999999999998135     0.88935699999999995313
    0.35599999999999998312     0.88885099999999994669
    0.35799999999999998490     0.88834599999999996900
    0.35999999999999998668     0.88784300000000004882
    0.36199999999999998845     0.88734100000000004638
    0.36399999999999999023     0.88683999999999996167
    0.36599999999999999201     0.88634000000000001673
    0.36799999999999999378     0.88584200000000001829
    0.36999999999999999556     0.88534500000000004860
    0.37199999999999999734     0.88484899999999999665
    0.37399999999999999911     0.88435399999999997345
    0.37600000000000000089     0.88386100000000000776
    0.37800000000000000266     0.88336899999999995980
    0.38000000000000000444     0.88287899999999996936
    0.38200000000000000622     0.88239000000000000767
    0.38400000000000000799     0.88190199999999996372
    0.38600000000000000977     0.88141499999999994852
    0.38800000000000001155     0.88092999999999999083
    0.39000000000000001332     0.88044599999999995088
    0.39200000000000001510     0.87996300000000005070
    0.39400000000000001688     0.87948099999999995724
    0.39600000000000001865     0.87900100000000003231
    0.39800000000000002043     0.87852200000000002511
    0.40000000000000002220     0.87804499999999996440
    0.40200000000000002398     0.87756900000000004347
    0.40400000000000002576     0.87709400000000004027
    0.40600000000000002753     0.87661999999999995481
    0.40799999999999997380     0.87614800000000003788
    0.40999999999999997558     0.87567700000000003868
    0.41199999999999997735     0.87520699999999995722
    0.41399999999999997913     0.87473900000000004429
    0.41599999999999998090     0.87427200000000004909
    0.41799999999999998268     0.87380599999999997163
    0.41999999999999998446     0.87334199999999995168
    0.42199999999999998623     0.87287800000000004275
    0.42399999999999998801     0.87241699999999999804
    0.42599999999999998979     0.87195599999999995333
    0.42799999999999999156     0.87149699999999996614
    0.42999999999999999334     0.87103900000000000770
    0.43199999999999999512     0.87058199999999996699
    0.43399999999999999689     0.87012699999999998379
    0.43599999999999999867     0.86967300000000002935
    0.43800000000000000044     0.86921999999999999265
    0.44000000000000000222     0.86876900000000001345
    0.44200000000000000400     0.86831899999999995199
    0.44400000000000000577     0.86787000000000003030
    0.44600000000000000755     0.86742200000000002635
    0.44800000000000000933     0.86697599999999996889
    0.45000000000000001110     0.86653100000000005121
    0.45200000000000001288     0.86608799999999996899
    0.45400000000000001465     0.86564600000000002655
    0.45600000000000001643     0.86520500000000000185
    0.45800000000000001821     0.86476500000000000590
    0.46000000000000001998     0.86432699999999995644
    0.46200000000000002176     0.86389000000000004675
    0.46400000000000002354     0.86345400000000005480
    0.46600000000000002531     0.86302000000000000934
    0.46800000000000002709     0.86258699999999999264
    0.46999999999999997335     0.86215500000000000469
    0.47199999999999997513     0.86172499999999996323
    0.47399999999999997691     0.86129599999999995052
    0.47599999999999997868     0.86086799999999996658
    0.47799999999999998046     0.86044200000000004014
    0.47999999999999998224     0.86001700000000003143
    0.48199999999999998401     0.85959300000000005149
    0.48399999999999998579     0.85916999999999998927
    0.48599999999999998757     0.85874899999999998457
    0.48799999999999998934     0.85833000000000003737
    0.48999999999999999112     0.85791099999999997916
    0.49199999999999999289     0.85749399999999997846
    0.49399999999999999467     0.85707800000000000651
    0.49599999999999999645     0.85666399999999998105
    0.49799999999999999822     0.85624999999999995559
    0.50000000000000000000     0.85583900000000001640
    0.50200000000000000178     0.85542799999999996619
    0.50400000000000000355     0.85501899999999997348
    0.50600000000000000533     0.85461100000000000954
    0.50800000000000000711     0.85420499999999999208
    0.51000000000000000888     0.85379899999999997462
    0.51200000000000001066     0.85339500000000001467
    0.51400000000000001243     0.85299300000000000122
    0.51600000000000001421     0.85259200000000001651
    0.51800000000000001599     0.85219199999999994954
    0.52000000000000001776     0.85179300000000002235
    0.52200000000000001954     0.85139600000000004165
    0.52400000000000002132     0.85099999999999997868
    0.52600000000000002309     0.85060599999999997323
    0.52800000000000002487     0.85021299999999999653
    0.53000000000000002665     0.84982100000000004858
    0.53200000000000002842     0.84943000000000001837
    0.53400000000000003020     0.84904100000000004567
    0.53600000000000003197     0.84865400000000001945
    0.53800000000000003375     0.84826699999999999324
    0.54000000000000003553     0.84788200000000002454
    0.54200000000000003730     0.84749799999999997357
    0.54400000000000003908     0.84711599999999998012
    0.54600000000000004086     0.84673500000000001542
    0.54800000000000004263     0.84635499999999996845
    0.55000000000000004441     0.84597699999999997900
    0.55200000000000004619     0.84560000000000001830
    0.55400000000000004796     0.84522399999999997533
    0.55600000000000004974     0.84484999999999998987
    0.55800000000000005151     0.84447700000000003318
    0.56000000000000005329     0.84410499999999999421
    0.56200000000000005507     0.84373500000000001275
    0.56399999999999994582     0.84336599999999994903
    0.56599999999999994760     0.84299900000000005384
    0.56799999999999994937     0.84263299999999996537
    0.56999999999999995115     0.84226800000000001667
    0.57199999999999995293     0.84190500000000001446
    0.57399999999999995470     0.84154300000000004101
    0.57599999999999995648     0.84118199999999998528
    0.57799999999999995826     0.84082299999999998708
    0.57999999999999996003     0.84046500000000001762
    0.58199999999999996181     0.84010799999999996590
    0.58399999999999996358     0.83975299999999997169
    0.58599999999999996536     0.83940000000000003499
    0.58799999999999996714     0.83904699999999998727
    0.58999999999999996891     0.83869599999999999707
    0.59199999999999997069     0.83834699999999995335
    0.59399999999999997247     0.83799800000000002065
    0.59599999999999997424     0.83765199999999995217
    0.59799999999999997602     0.83730599999999999472
    0.59999999999999997780     0.83696199999999998376
    0.60199999999999997957     0.83661900000000000155
    0.60399999999999998135     0.83627799999999996583
    0.60599999999999998312     0.83593799999999995887
    0.60799999999999998490     0.83560000000000000941
    0.60999999999999998668     0.83526199999999994894
    0.61199999999999998845     0.83492699999999997473
    0.61399999999999999023     0.83459200000000000053
    0.61599999999999999201     0.83426000000000000156
    0.61799999999999999378     0.83392800000000000260
    0.61999999999999999556     0.83359799999999995013
    0.62199999999999999734     0.83326900000000003743
    0.62399999999999999911     0.83294199999999996020
    0.62600000000000000089     0.83261600000000002275
    0.62800000000000000266     0.83229200000000003179
    0.63000000000000000444     0.83196899999999995856
    0.63200000000000000622     0.83164700000000002511
    0.63400000000000000799     0.83132700000000003815
    0.63600000000000000977     0.83100799999999996892
    0.63800000000000001155     0.83069099999999995720
    0.64000000000000001332     0.83037499999999997424
    0.64200000000000001510     0.83006000000000002004
    0.64400000000000001688     0.82974700000000001232
    0.64600000000000001865     0.82943500000000003336
    0.64800000000000002043     0.82912500000000000089
    0.65000000000000002220     0.82881599999999999717
    0.65200000000000002398     0.82850900000000005097
    0.65400000000000002576     0.82820300000000002250
    0.65600000000000002753     0.82789800000000002278
    0.65800000000000002931     0.82759499999999996955
    0.66000000000000003109     0.82729399999999997384
    0.66200000000000003286     0.82699400000000000688
    0.66400000000000003464     0.82669499999999995765
    0.66600000000000003642     0.82639799999999996594
    0.66800000000000003819     0.82610200000000000298
    0.67000000000000003997     0.82580799999999998651
    0.67200000000000004174     0.82551499999999999879
    0.67400000000000004352     0.82522300000000003983
    0.67600000000000004530     0.82493300000000002736
    0.67800000000000004707     0.82464499999999996138
    0.68000000000000004885     0.82435800000000003518
    0.68200000000000005063     0.82407200000000002671
    0.68400000000000005240     0.82378799999999996473
    0.68600000000000005418     0.82350500000000004253
    0.68799999999999994493     0.82322399999999995579
    0.68999999999999994671     0.82294500000000003759
    0.69199999999999994849     0.82266600000000000836
    0.69399999999999995026     0.82238999999999995438
    0.69599999999999995204     0.82211400000000001143
    0.69799999999999995381     0.82184100000000004371
    0.69999999999999995559     0.82156899999999999373
    0.70199999999999995737     0.82129799999999997251
    0.70399999999999995914     0.82102900000000000880
    0.70599999999999996092     0.82076099999999996282
    0.70799999999999996270     0.82049499999999997435
    0.70999999999999996447     0.82023000000000001464
    0.71199999999999996625     0.81996700000000000141
    0.71399999999999996803     0.81970500000000001695
    0.71599999999999996980     0.81944499999999997897
    0.71799999999999997158     0.81918599999999996975
    0.71999999999999997335     0.81892900000000001803
    0.72199999999999997513     0.81867299999999998406
    0.72399999999999997691     0.81841900000000000759
    0.72599999999999997868     0.81816599999999994886
    0.72799999999999998046     0.81791499999999994763
    0.72999999999999998224     0.81766600000000000392
    0.73199999999999998401     0.81741799999999997794
    0.73399999999999998579     0.81717099999999998072
    0.73599999999999998757     0.81692600000000004101
    0.73799999999999998934     0.81668300000000004779
    0.73999999999999999112     0.81644099999999997230
    0.74199999999999999289     0.81620099999999995433
    0.74399999999999999467     0.81596199999999996511
    0.74599999999999999645     0.81572500000000003340
    0.74799999999999999822     0.81549000000000004817
    0.75000000000000000000     0.81525599999999998069
    0.75200000000000000178     0.81502300000000005298
    0.75400000000000000355     0.81479199999999996074
    0.75600000000000000533     0.81456300000000003703
    0.75800000000000000711     0.81433500000000003105
    0.76000000000000000888     0.81410899999999997156
    0.76200000000000001066     0.81388400000000005186
    0.76400000000000001243     0.81366099999999996761
    0.76600000000000001421     0.81344000000000005191
    0.76800000000000001599     0.81322000000000005393
    0.77000000000000001776     0.81300200000000000244
    0.77200000000000001954     0.81278499999999997971
    0.77400000000000002132     0.81257100000000004325
    0.77600000000000002309     0.81235699999999999577
    0.77800000000000002487     0.81214500000000000579
    0.78000000000000002665     0.81193499999999996231
    0.78200000000000002842     0.81172699999999997633
    0.78400000000000003020     0.81152000000000001911
    0.78600000000000003197     0.81131399999999997963
    0.78800000000000003375     0.81111100000000002641
    0.79000000000000003553     0.81090899999999999093
    0.79200000000000003730     0.81070799999999998420
    0.79400000000000003908     0.81050999999999995271
    0.79600000000000004086     0.81031299999999994998
    0.79800000000000004263     0.81011699999999997601
    0.80000000000000004441     0.80992299999999994853
    0.80200000000000004619     0.80973099999999997856
    0.80400000000000004796     0.80954099999999995507
    0.80600000000000004974     0.80935199999999996034
    0.80800000000000005151     0.80916500000000002313
    0.81000000000000005329     0.80897900000000000365
    0.81200000000000005507     0.80879599999999995941
    0.81399999999999994582     0.80861400000000005495
    0.81599999999999994760     0.80843299999999995720
    0.81799999999999994937     0.80825400000000002798
    0.81999999999999995115     0.80807700000000004525
    0.82199999999999995293     0.80790200000000000902
    0.82399999999999995470     0.80772900000000003029
    0.82599999999999995648     0.80755699999999996930
    0.82799999999999995826     0.80738600000000004808
    0.82999999999999996003     0.80721799999999999109
    0.83199999999999996181     0.80705099999999996285
    0.83399999999999996358     0.80688599999999999213
    0.83599999999999996536     0.80672299999999996789
    0.83799999999999996714     0.80656099999999997241
    0.83999999999999996891     0.80640199999999995217
    0.84199999999999997069     0.80624300000000004296
    0.84399999999999997247     0.80608699999999999797
    0.84599999999999997424     0.80593300000000001049
    0.84799999999999997602     0.80578000000000005176
    0.84999999999999997780     0.80562900000000003953
    0.85199999999999997957     0.80547999999999997378
    0.85399999999999998135     0.80533200000000004781
    0.85599999999999998312     0.80518599999999995731
    0.85799999999999998490     0.80504200000000003534
    0.85999999999999998668     0.80489999999999994884
    0.86199999999999998845     0.80476000000000003087
    0.86399999999999999023     0.80462100000000003064
    0.86599999999999999201     0.80448500000000000565
    0.86799999999999999378     0.80435000000000000941
    0.86999999999999999556     0.80421699999999995967
    0.87199999999999999734     0.80408500000000004970
    0.87399999999999999911     0.80395600000000000396
    0.87600000000000000089     0.80382799999999998697
    0.87800000000000000266     0.80370299999999994522
    0.88000000000000000444     0.80357900000000004326
    0.88200000000000000622     0.80345599999999994800
    0.88400000000000000799     0.80333600000000005004
    0.88600000000000000977     0.80321799999999998754
    0.88800000000000001155     0.80310099999999995379
    0.89000000000000001332     0.80298700000000000632
    0.89200000000000001510     0.80287399999999997657
    0.89400000000000001688     0.80276300000000000434
    0.89600000000000001865     0.80265399999999997860
    0.89800000000000002043     0.80254700000000001037
    0.90000000000000002220     0.80244199999999998862
    0.90200000000000002398     0.80233799999999999564
    0.90400000000000002576     0.80223699999999997790
    0.90600000000000002753     0.80213800000000001766
    0.90800000000000002931     0.80203999999999997517
    0.91000000000000003109     0.80194500000000001894
    0.91200000000000003286     0.80185099999999998044
    0.91400000000000003464     0.80175899999999999945
    0.91600000000000003642     0.80166899999999996496
    0.91800000000000003819     0.80158200000000001673
    0.92000000000000003997     0.80149599999999998623
    0.92200000000000004174     0.80141200000000001324
    0.92400000000000004352     0.80132999999999998675
    0.92600000000000004530     0.80125000000000001776
    0.92800000000000004707     0.80117199999999999527
    0.93000000000000004885     0.80109600000000003028
    0.93200000000000005063     0.80102200000000001179
    0.93400000000000005240     0.80095000000000005080
    0.93600000000000005418     0.80088099999999995404
    0.93799999999999994493     0.80081299999999999706
    0.93999999999999994671     0.80074699999999998656
    0.94199999999999994849     0.80068300000000003358
    0.94399999999999995026     0.80062100000000002709
    0.94599999999999995204     0.80056199999999999584
    0.94799999999999995381     0.80050399999999999334
    0.94999999999999995559     0.80044899999999996609
    0.95199999999999995737     0.80039499999999996760
    0.95399999999999995914     0.80034400000000005537
    0.95599999999999996092     0.80029399999999994986
    0.95799999999999996270     0.80024700000000004163
    0.95999999999999996447     0.80020199999999996887
    0.96199999999999996625     0.80015899999999995362
    0.96399999999999996803     0.80011799999999999589
    0.96599999999999996980     0.80008000000000001339
    0.96799999999999997158     0.80004299999999994863
    0.96999999999999997335     0.80000899999999997014
    0.97199999999999997513     0.79997600000000002041
    0.97399999999999997691     0.79994600000000004592
    0.97599999999999997868     0.79991800000000001791
    0.97799999999999998046     0.79989299999999996515
    0.97999999999999998224     0.79986900000000005218
    0.98199999999999998401     0.79984800000000000342
    0.98399999999999998579     0.79982900000000001217
    0.98599999999999998757     0.79981199999999996741
    0.98799999999999998934     0.79979699999999998017
    0.98999999999999999112     0.79978499999999996817
    0.99199999999999999289     0.79977399999999998492
    0.99399999999999999467     0.79976599999999997692
    0.99599999999999999645     0.79976100000000005519
    0.99799999999999999822     0.79975700000000005119
    1.00000000000000000000     0.79975600000000002243
    1.00200000000000000178     0.79975700000000005119
