       x      Css
    0.00000000000000000000     1.00000000000000000000
    0.00200000000000000004     0.99738899999999997004
    0.00400000000000000008     0.99478999999999995207
    0.00600000000000000012     0.99220099999999999962
    0.00800000000000000017     0.98962200000000000166
    0.01000000000000000021     0.98705399999999998695
    0.01200000000000000025     0.98449600000000003774
    0.01400000000000000029     0.98194800000000004303
    0.01600000000000000033     0.97941000000000000281
    0.01799999999999999864     0.97688299999999994583
    0.02000000000000000042     0.97436500000000003663
    0.02199999999999999872     0.97185699999999997090
    0.02400000000000000050     0.96935899999999997068
    0.02599999999999999881     0.96687000000000000721
    0.02800000000000000058     0.96439099999999999824
    0.02999999999999999889     0.96192100000000002602
    0.03200000000000000067     0.95946100000000000829
    0.03400000000000000244     0.95701000000000002732
    0.03599999999999999728     0.95456799999999997208
    0.03799999999999999906     0.95213499999999995360
    0.04000000000000000083     0.94971200000000000063
    0.04200000000000000261     0.94729699999999994464
    0.04399999999999999745     0.94489100000000003643
    0.04599999999999999922     0.94249300000000002520
    0.04800000000000000100     0.94010499999999996845
    0.05000000000000000278     0.93772500000000003073
    0.05199999999999999761     0.93535400000000001874
    0.05399999999999999939     0.93299100000000001476
    0.05600000000000000117     0.93063700000000004753
    0.05800000000000000294     0.92829099999999997728
    0.05999999999999999778     0.92595300000000002605
    0.06199999999999999956     0.92362299999999997180
    0.06400000000000000133     0.92130199999999995430
    0.06600000000000000311     0.91898899999999994481
    0.06800000000000000488     0.91668300000000002559
    0.07000000000000000666     0.91438600000000003210
    0.07199999999999999456     0.91209700000000004660
    0.07399999999999999634     0.90981500000000004036
    0.07599999999999999811     0.90754100000000004211
    0.07799999999999999989     0.90527500000000005187
    0.08000000000000000167     0.90301699999999995860
    0.08200000000000000344     0.90076599999999995561
    0.08400000000000000522     0.89852299999999996061
    0.08599999999999999312     0.89628699999999994485
    0.08799999999999999489     0.89405900000000004813
    0.08999999999999999667     0.89183800000000001962
    0.09199999999999999845     0.88962499999999999911
    0.09400000000000000022     0.88741899999999995785
    0.09600000000000000200     0.88522000000000000686
    0.09800000000000000377     0.88302800000000003511
    0.10000000000000000555     0.88084399999999996034
    0.10199999999999999345     0.87866699999999997583
    0.10399999999999999523     0.87649600000000005284
    0.10599999999999999700     0.87433300000000002683
    0.10799999999999999878     0.87217699999999998006
    0.11000000000000000056     0.87002699999999999481
    0.11200000000000000233     0.86788500000000001755
    0.11400000000000000411     0.86574899999999999078
    0.11600000000000000588     0.86362000000000005429
    0.11799999999999999378     0.86149799999999998601
    0.11999999999999999556     0.85938300000000000800
    0.12199999999999999734     0.85727399999999998048
    0.12399999999999999911     0.85517200000000004323
    0.12600000000000000089     0.85307599999999994544
    0.12800000000000000266     0.85098700000000004895
    0.13000000000000000444     0.84890500000000002068
    0.13200000000000000622     0.84682900000000005392
    0.13400000000000000799     0.84475999999999995538
    0.13600000000000000977     0.84269600000000000062
    0.13800000000000001155     0.84064000000000005386
    0.14000000000000001332     0.83858900000000002883
    0.14199999999999998734     0.83654499999999998305
    0.14399999999999998912     0.83450699999999999878
    0.14599999999999999090     0.83247599999999999376
    0.14799999999999999267     0.83045000000000002149
    0.14999999999999999445     0.82843100000000002847
    0.15199999999999999623     0.82641799999999998594
    0.15399999999999999800     0.82441100000000000492
    0.15599999999999999978     0.82240999999999997438
    0.15800000000000000155     0.82041500000000000536
    0.16000000000000000333     0.81842599999999998683
    0.16200000000000000511     0.81644300000000002981
    0.16400000000000000688     0.81446600000000002328
    0.16600000000000000866     0.81249499999999996724
    0.16800000000000001044     0.81052999999999997272
    0.17000000000000001221     0.80857100000000003970
    0.17199999999999998623     0.80661700000000002841
    0.17399999999999998801     0.80466899999999996762
    0.17599999999999998979     0.80272699999999996834
    0.17799999999999999156     0.80079100000000003057
    0.17999999999999999334     0.79886100000000004329
    0.18199999999999999512     0.79693599999999997774
    0.18399999999999999689     0.79501699999999997370
    0.18599999999999999867     0.79310300000000000242
    0.18800000000000000044     0.79119499999999998163
    0.19000000000000000222     0.78929300000000002235
    0.19200000000000000400     0.78739599999999998481
    0.19400000000000000577     0.78550500000000000878
    0.19600000000000000755     0.78361899999999995448
    0.19800000000000000933     0.78173800000000004395
    0.20000000000000001110     0.77986400000000000166
    0.20200000000000001288     0.77799399999999996336
    0.20399999999999998690     0.77612999999999998657
    0.20599999999999998868     0.77427100000000004254
    0.20799999999999999045     0.77241800000000004900
    0.20999999999999999223     0.77056999999999997719
    0.21199999999999999400     0.76872799999999996690
    0.21399999999999999578     0.76688999999999996060
    0.21599999999999999756     0.76505800000000001582
    0.21799999999999999933     0.76323099999999999277
    0.22000000000000000111     0.76141000000000003123
    0.22200000000000000289     0.75959399999999999142
    0.22400000000000000466     0.75778199999999995562
    0.22600000000000000644     0.75597599999999998133
    0.22800000000000000822     0.75417599999999995752
    0.23000000000000000999     0.75238000000000004874
    0.23200000000000001177     0.75058899999999995067
    0.23400000000000001354     0.74880400000000002514
    0.23599999999999998757     0.74702299999999999258
    0.23799999999999998934     0.74524800000000002154
    0.23999999999999999112     0.74347700000000005449
    0.24199999999999999289     0.74171200000000003794
    0.24399999999999999467     0.73995200000000005414
    0.24599999999999999645     0.73819599999999996331
    0.24799999999999999822     0.73644600000000004503
    0.25000000000000000000     0.73470000000000001972
    0.25200000000000000178     0.73295999999999994490
    0.25400000000000000355     0.73122399999999998510
    0.25600000000000000533     0.72949299999999994704
    0.25800000000000000711     0.72776700000000005275
    0.26000000000000000888     0.72604599999999996918
    0.26200000000000001066     0.72433000000000002938
    0.26400000000000001243     0.72261900000000001132
    0.26600000000000001421     0.72091199999999999726
    0.26800000000000001599     0.71921000000000001595
    0.27000000000000001776     0.71751299999999995638
    0.27200000000000001954     0.71582100000000004059
    0.27400000000000002132     0.71413300000000001777
    0.27600000000000002309     0.71245099999999994544
    0.27800000000000002487     0.71077199999999995939
    0.28000000000000002665     0.70909900000000003484
    0.28199999999999997291     0.70743000000000000327
    0.28399999999999997469     0.70576600000000000446
    0.28599999999999997646     0.70410700000000003840
    0.28799999999999997824     0.70245199999999996532
    0.28999999999999998002     0.70080200000000003602
    0.29199999999999998179     0.69915700000000002845
    0.29399999999999998357     0.69751600000000002488
    0.29599999999999998535     0.69587900000000002532
    0.29799999999999998712     0.69424799999999997624
    0.29999999999999998890     0.69262100000000004218
    0.30199999999999999067     0.69099800000000000111
    0.30399999999999999245     0.68937999999999999279
    0.30599999999999999423     0.68776599999999998847
    0.30799999999999999600     0.68615700000000001690
    0.30999999999999999778     0.68455299999999996707
    0.31199999999999999956     0.68295300000000003227
    0.31400000000000000133     0.68135699999999999044
    0.31600000000000000311     0.67976599999999998136
    0.31800000000000000488     0.67817899999999997629
    0.32000000000000000666     0.67659700000000000397
    0.32200000000000000844     0.67501900000000003566
    0.32400000000000001021     0.67344599999999998907
    0.32600000000000001199     0.67187699999999994649
    0.32800000000000001377     0.67031200000000001893
    0.33000000000000001554     0.66875200000000001310
    0.33200000000000001732     0.66719600000000001128
    0.33400000000000001910     0.66564500000000004221
    0.33600000000000002087     0.66409799999999996611
    0.33800000000000002265     0.66255500000000000504
    0.34000000000000002442     0.66101600000000004798
    0.34200000000000002620     0.65948200000000001264
    0.34399999999999997247     0.65795300000000001006
    0.34599999999999997424     0.65642699999999998273
    0.34799999999999997602     0.65490599999999998815
    0.34999999999999997780     0.65338899999999999757
    0.35199999999999997957     0.65187600000000001099
    0.35399999999999998135     0.65036799999999994615
    0.35599999999999998312     0.64886399999999999633
    0.35799999999999998490     0.64736400000000005051
    0.35999999999999998668     0.64586799999999999766
    0.36199999999999998845     0.64437699999999997758
    0.36399999999999999023     0.64288999999999996149
    0.36599999999999999201     0.64140699999999994940
    0.36799999999999999378     0.63992800000000005234
    0.36999999999999999556     0.63845300000000004825
    0.37199999999999999734     0.63698299999999996590
    0.37399999999999999911     0.63551699999999999857
    0.37600000000000000089     0.63405500000000003524
    0.37800000000000000266     0.63259699999999996489
    0.38000000000000000444     0.63114300000000000956
    0.38200000000000000622     0.62969399999999997597
    0.38400000000000000799     0.62824800000000002864
    0.38600000000000000977     0.62680700000000000305
    0.38800000000000001155     0.62536999999999998145
    0.39000000000000001332     0.62393699999999996386
    0.39200000000000001510     0.62250799999999995027
    0.39400000000000001688     0.62108300000000005170
    0.39600000000000001865     0.61966200000000004611
    0.39800000000000002043     0.61824599999999996225
    0.40000000000000002220     0.61683299999999996466
    0.40200000000000002398     0.61542499999999999982
    0.40400000000000002576     0.61402100000000003899
    0.40600000000000002753     0.61262000000000005340
    0.40799999999999997380     0.61122399999999998954
    0.40999999999999997558     0.60983200000000004071
    0.41199999999999997735     0.60844399999999998485
    0.41399999999999997913     0.60706000000000004402
    0.41599999999999998090     0.60567999999999999616
    0.41799999999999998268     0.60430399999999995231
    0.41999999999999998446     0.60293200000000002348
    0.42199999999999998623     0.60156399999999998762
    0.42399999999999998801     0.60019999999999995577
    0.42599999999999998979     0.59884000000000003894
    0.42799999999999999156     0.59748400000000001508
    0.42999999999999999334     0.59613199999999999523
    0.43199999999999999512     0.59478500000000000814
    0.43399999999999999689     0.59344099999999999628
    0.43599999999999999867     0.59210099999999998843
    0.43800000000000000044     0.59076499999999998458
    0.44000000000000000222     0.58943299999999998473
    0.44200000000000000400     0.58810499999999998888
    0.44400000000000000577     0.58678099999999999703
    0.44600000000000000755     0.58546100000000000918
    0.44800000000000000933     0.58414500000000002533
    0.45000000000000001110     0.58283300000000004548
    0.45200000000000001288     0.58152499999999995861
    0.45400000000000001465     0.58022099999999998676
    0.45600000000000001643     0.57892100000000001891
    0.45800000000000001821     0.57762500000000005507
    0.46000000000000001998     0.57633199999999995544
    0.46200000000000002176     0.57504399999999999959
    0.46400000000000002354     0.57376000000000004775
    0.46600000000000002531     0.57247899999999996012
    0.46800000000000002709     0.57120300000000001628
    0.46999999999999997335     0.56993000000000004768
    0.47199999999999997513     0.56866099999999997205
    0.47399999999999997691     0.56739700000000004021
    0.47599999999999997868     0.56613599999999997259
    0.47799999999999998046     0.56487900000000001999
    0.47999999999999998224     0.56362599999999996037
    0.48199999999999998401     0.56237700000000001577
    0.48399999999999998579     0.56113199999999996415
    0.48599999999999998757     0.55989100000000002755
    0.48799999999999998934     0.55865299999999995517
    0.48999999999999999112     0.55742000000000002657
    0.49199999999999999289     0.55619099999999999095
    0.49399999999999999467     0.55496500000000004160
    0.49599999999999999645     0.55374299999999998523
    0.49799999999999999822     0.55252599999999996161
    0.50000000000000000000     0.55131200000000002426
    0.50200000000000000178     0.55010199999999997988
    0.50400000000000000355     0.54889600000000005053
    0.50600000000000000533     0.54769299999999998541
    0.50800000000000000711     0.54649499999999995303
    0.51000000000000000888     0.54530100000000003568
    0.51200000000000001066     0.54410999999999998256
    0.51400000000000001243     0.54292399999999996218
    0.51600000000000001421     0.54174100000000002808
    0.51800000000000001599     0.54056199999999998695
    0.52000000000000001776     0.53938699999999994983
    0.52200000000000001954     0.53821600000000002773
    0.52400000000000002132     0.53704899999999999860
    0.52600000000000002309     0.53588599999999997348
    0.52800000000000002487     0.53472699999999995235
    0.53000000000000002665     0.53357100000000001749
    0.53200000000000002842     0.53242000000000000437
    0.53400000000000003020     0.53127199999999996649
    0.53600000000000003197     0.53012800000000004363
    0.53800000000000003375     0.52898900000000004251
    0.54000000000000003553     0.52785300000000001663
    0.54200000000000003730     0.52672099999999999476
    0.54400000000000003908     0.52559199999999994812
    0.54600000000000004086     0.52446800000000004527
    0.54800000000000004263     0.52334800000000003539
    0.55000000000000004441     0.52223100000000000076
    0.55200000000000004619     0.52111899999999999888
    0.55400000000000004796     0.52000999999999997225
    0.55600000000000004974     0.51890499999999994962
    0.55800000000000005151     0.51780499999999995975
    0.56000000000000005329     0.51670799999999994512
    0.56200000000000005507     0.51561500000000004551
    0.56399999999999994582     0.51452600000000003888
    0.56599999999999994760     0.51344000000000000750
    0.56799999999999994937     0.51235900000000000887
    0.56999999999999995115     0.51128200000000001424
    0.57199999999999995293     0.51020799999999999486
    0.57399999999999995470     0.50913900000000000823
    0.57599999999999995648     0.50807299999999999685
    0.57799999999999995826     0.50701099999999998946
    0.57999999999999996003     0.50595400000000001484
    0.58199999999999996181     0.50490000000000001545
    0.58399999999999996358     0.50385000000000002007
    0.58599999999999996536     0.50280400000000002869
    0.58799999999999996714     0.50176200000000004131
    0.58999999999999996891     0.50072399999999994691
    0.59199999999999997069     0.49969000000000002304
    0.59399999999999997247     0.49865999999999999215
    0.59599999999999997424     0.49763400000000002077
    0.59799999999999997602     0.49661100000000002463
    0.59999999999999997780     0.49559300000000000574
    0.60199999999999997957     0.49457899999999999086
    0.60399999999999998135     0.49356800000000000672
    0.60599999999999998312     0.49256199999999999983
    0.60799999999999998490     0.49155900000000002370
    0.60999999999999998668     0.49056100000000002481
    0.61199999999999998845     0.48956699999999997441
    0.61399999999999999023     0.48857600000000001028
    0.61599999999999999201     0.48759000000000002339
    0.61799999999999999378     0.48660700000000001175
    0.61999999999999999556     0.48562899999999997736
    0.62199999999999999734     0.48465399999999997371
    0.62399999999999999911     0.48368400000000000283
    0.62600000000000000089     0.48271700000000000719
    0.62800000000000000266     0.48175499999999998879
    0.63000000000000000444     0.48079699999999997440
    0.63200000000000000622     0.47984199999999999076
    0.63400000000000000799     0.47889199999999998436
    0.63600000000000000977     0.47794599999999998197
    0.63800000000000001155     0.47700300000000001033
    0.64000000000000001332     0.47606500000000001593
    0.64200000000000001510     0.47513100000000002554
    0.64400000000000001688     0.47420099999999998364
    0.64600000000000001865     0.47327500000000000124
    0.64800000000000002043     0.47235300000000002285
    0.65000000000000002220     0.47143499999999999295
    0.65200000000000002398     0.47052199999999999580
    0.65400000000000002576     0.46961199999999997390
    0.65600000000000002753     0.46870699999999998475
    0.65800000000000002931     0.46780500000000002636
    0.66000000000000003109     0.46690799999999998970
    0.66200000000000003286     0.46601500000000001256
    0.66400000000000003464     0.46512599999999998390
    0.66600000000000003642     0.46424100000000001476
    0.66800000000000003819     0.46335999999999999410
    0.67000000000000003997     0.46248299999999997745
    0.67200000000000004174     0.46161099999999999355
    0.67400000000000004352     0.46074300000000001365
    0.67600000000000004530     0.45987800000000000900
    0.67800000000000004707     0.45901900000000001034
    0.68000000000000004885     0.45816299999999998693
    0.68200000000000005063     0.45731100000000002304
    0.68400000000000005240     0.45646399999999998087
    0.68600000000000005418     0.45562099999999999822
    0.68799999999999994493     0.45478200000000001957
    0.68999999999999994671     0.45394699999999998941
    0.69199999999999994849     0.45311699999999999200
    0.69399999999999995026     0.45229099999999999859
    0.69599999999999995204     0.45146900000000000919
    0.69799999999999995381     0.45065100000000002378
    0.69999999999999995559     0.44983800000000001562
    0.70199999999999995737     0.44902799999999998271
    0.70399999999999995914     0.44822400000000001130
    0.70599999999999996092     0.44742300000000001514
    0.70799999999999996270     0.44662699999999999623
    0.70999999999999996447     0.44583499999999998131
    0.71199999999999996625     0.44504700000000002591
    0.71399999999999996803     0.44426399999999999224
    0.71599999999999996980     0.44348500000000001808
    0.71799999999999997158     0.44271100000000002117
    0.71999999999999997335     0.44194099999999997275
    0.72199999999999997513     0.44117499999999998384
    0.72399999999999997691     0.44041400000000002768
    0.72599999999999997868     0.43965700000000002001
    0.72799999999999998046     0.43890400000000001635
    0.72999999999999998224     0.43815599999999998992
    0.73199999999999998401     0.43741200000000002301
    0.73399999999999998579     0.43667299999999997784
    0.73599999999999998757     0.43593799999999999217
    0.73799999999999998934     0.43520799999999998375
    0.73999999999999999112     0.43448199999999997933
    0.74199999999999999289     0.43375999999999997891
    0.74399999999999999467     0.43304399999999998450
    0.74599999999999999645     0.43233100000000002083
    0.74799999999999999822     0.43162299999999997890
    0.75000000000000000000     0.43092000000000002524
    0.75200000000000000178     0.43022100000000002007
    0.75400000000000000355     0.42952699999999999214
    0.75600000000000000533     0.42883799999999999697
    0.75800000000000000711     0.42815199999999997704
    0.76000000000000000888     0.42747200000000001863
    0.76200000000000001066     0.42679600000000000870
    0.76400000000000001243     0.42612499999999997602
    0.76600000000000001421     0.42545800000000000285
    0.76800000000000001599     0.42479600000000000692
    0.77000000000000001776     0.42413899999999998824
    0.77200000000000001954     0.42348700000000000232
    0.77400000000000002132     0.42283900000000002040
    0.77600000000000002309     0.42219499999999998696
    0.77800000000000002487     0.42155700000000001504
    0.78000000000000002665     0.42092299999999999160
    0.78200000000000002842     0.42029400000000000093
    0.78400000000000003020     0.41966999999999998749
    0.78600000000000003197     0.41904999999999997806
    0.78800000000000003375     0.41843599999999997463
    0.79000000000000003553     0.41782599999999997520
    0.79200000000000003730     0.41722100000000000852
    0.79400000000000003908     0.41661999999999999034
    0.79600000000000004086     0.41602499999999997815
    0.79800000000000004263     0.41543400000000002548
    0.80000000000000004441     0.41484900000000002329
    0.80200000000000004619     0.41426800000000002511
    0.80400000000000004796     0.41369200000000000417
    0.80600000000000004974     0.41312100000000001598
    0.80800000000000005151     0.41255500000000000504
    0.81000000000000005329     0.41199400000000002686
    0.81200000000000005507     0.41143800000000002592
    0.81399999999999994582     0.41088599999999997348
    0.81599999999999994760     0.41033999999999998254
    0.81799999999999994937     0.40979900000000002436
    0.81999999999999995115     0.40926299999999998791
    0.82199999999999995293     0.40873199999999998422
    0.82399999999999995470     0.40820600000000001328
    0.82599999999999995648     0.40768500000000001959
    0.82799999999999995826     0.40716900000000000315
    0.82999999999999996003     0.40665800000000001946
    0.83199999999999996181     0.40615200000000001301
    0.83399999999999996358     0.40565200000000001257
    0.83599999999999996536     0.40515699999999998937
    0.83799999999999996714     0.40466600000000002568
    0.83999999999999996891     0.40418100000000001248
    0.84199999999999997069     0.40370200000000000529
    0.84399999999999997247     0.40322700000000000209
    0.84599999999999997424     0.40275800000000000489
    0.84799999999999997602     0.40229399999999998494
    0.84999999999999997780     0.40183499999999999774
    0.85199999999999997957     0.40138200000000001655
    0.85399999999999998135     0.40093400000000001260
    0.85599999999999998312     0.40049099999999998589
    0.85799999999999998490     0.40005299999999999194
    0.85999999999999998668     0.39962100000000000399
    0.86199999999999998845     0.39919500000000002204
    0.86399999999999999023     0.39877299999999998859
    0.86599999999999999201     0.39835700000000001664
    0.86799999999999999378     0.39794699999999999518
    0.86999999999999999556     0.39754200000000000648
    0.87199999999999999734     0.39714300000000002377
    0.87399999999999999911     0.39674900000000001832
    0.87600000000000000089     0.39635999999999999011
    0.87800000000000000266     0.39597799999999999665
    0.88000000000000000444     0.39560000000000000719
    0.88200000000000000622     0.39522899999999999698
    0.88400000000000000799     0.39486199999999999077
    0.88600000000000000977     0.39450200000000001932
    0.88800000000000001155     0.39414700000000002511
    0.89000000000000001332     0.39379799999999998139
    0.89200000000000001510     0.39345400000000002594
    0.89400000000000001688     0.39311699999999999422
    0.89600000000000001865     0.39278499999999999526
    0.89800000000000002043     0.39245799999999997354
    0.90000000000000002220     0.39213799999999998658
    0.90200000000000002398     0.39182299999999997686
    0.90400000000000002576     0.39151399999999997315
    0.90600000000000002753     0.39121099999999997543
    0.90800000000000002931     0.39091399999999998371
    0.91000000000000003109     0.39062200000000002476
    0.91200000000000003286     0.39033699999999998953
    0.91400000000000003464     0.39005699999999998706
    0.91600000000000003642     0.38978299999999999059
    0.91800000000000003819     0.38951599999999997337
    0.92000000000000003997     0.38925399999999998890
    0.92200000000000004174     0.38899800000000001043
    0.92400000000000004352     0.38874799999999998246
    0.92600000000000004530     0.38850499999999998924
    0.92800000000000004707     0.38826699999999997326
    0.93000000000000004885     0.38803599999999999204
    0.93200000000000005063     0.38780999999999998806
    0.93400000000000005240     0.38759100000000001884
    0.93600000000000005418     0.38737800000000000011
    0.93799999999999994493     0.38717099999999998738
    0.93999999999999994671     0.38696999999999998066
    0.94199999999999994849     0.38677499999999997993
    0.94399999999999995026     0.38658700000000001396
    0.94599999999999995204     0.38640499999999999847
    0.94799999999999995381     0.38622899999999998899
    0.94999999999999995559     0.38606000000000001426
    0.95199999999999995737     0.38589699999999999003
    0.95399999999999995914     0.38574000000000002730
    0.95599999999999996092     0.38558999999999998831
    0.95799999999999996270     0.38544600000000001083
    0.95999999999999996447     0.38530900000000001260
    0.96199999999999996625     0.38517800000000002036
    0.96399999999999996803     0.38505299999999997862
    0.96599999999999996980     0.38493500000000002714
    0.96799999999999997158     0.38482399999999999940
    0.96999999999999997335     0.38471899999999997766
    0.97199999999999997513     0.38462099999999999067
    0.97399999999999997691     0.38452900000000000968
    0.97599999999999997868     0.38444400000000000794
    0.97799999999999998046     0.38436500000000001220
    0.97999999999999998224     0.38429400000000002446
    0.98199999999999998401     0.38422899999999998721
    0.98399999999999998579     0.38417000000000001148
    0.98599999999999998757     0.38411899999999998823
    0.98799999999999998934     0.38407400000000002649
    0.98999999999999999112     0.38403599999999998849
    0.99199999999999999289     0.38400499999999998524
    0.99399999999999999467     0.38398100000000001675
    0.99599999999999999645     0.38396299999999999875
    0.99799999999999999822     0.38395299999999998875
    1.00000000000000000000     0.38394899999999998474
    1.00200000000000000178     0.38395299999999998875
