       x      Css
    0.00000000000000000000     1.00000000000000000000
    0.00200000000000000004     0.99843700000000001893
    0.00400000000000000008     0.99687700000000001310
    0.00600000000000000012     0.99531999999999998252
    0.00800000000000000017     0.99376600000000003821
    0.01000000000000000021     0.99221599999999998687
    0.01200000000000000025     0.99066799999999999304
    0.01400000000000000029     0.98912400000000000322
    0.01600000000000000033     0.98758299999999998864
    0.01799999999999999864     0.98604599999999997806
    0.02000000000000000042     0.98451100000000002499
    0.02199999999999999872     0.98297900000000004717
    0.02400000000000000050     0.98145099999999996232
    0.02599999999999999881     0.97992599999999996374
    0.02800000000000000058     0.97840400000000005143
    0.02999999999999999889     0.97688500000000000334
    0.03200000000000000067     0.97536900000000004152
    0.03400000000000000244     0.97385600000000005494
    0.03599999999999999728     0.97234600000000004361
    0.03799999999999999906     0.97084000000000003627
    0.04000000000000000083     0.96933599999999997543
    0.04200000000000000261     0.96783600000000002961
    0.04399999999999999745     0.96633800000000003028
    0.04599999999999999922     0.96484400000000003494
    0.04800000000000000100     0.96335199999999998610
    0.05000000000000000278     0.96186400000000005228
    0.05199999999999999761     0.96037899999999998268
    0.05399999999999999939     0.95889699999999999935
    0.05600000000000000117     0.95741699999999996251
    0.05800000000000000294     0.95594100000000004069
    0.05999999999999999778     0.95446799999999998310
    0.06199999999999999956     0.95299699999999998301
    0.06400000000000000133     0.95152999999999998693
    0.06600000000000000311     0.95006599999999996609
    0.06800000000000000488     0.94860400000000000276
    0.07000000000000000666     0.94714600000000004343
    0.07199999999999999456     0.94569099999999994832
    0.07399999999999999634     0.94423800000000002175
    0.07599999999999999811     0.94278899999999998816
    0.07799999999999999989     0.94134200000000001207
    0.08000000000000000167     0.93989800000000001123
    0.08200000000000000344     0.93845800000000001440
    0.08400000000000000522     0.93701999999999996405
    0.08599999999999999312     0.93558499999999999996
    0.08799999999999999489     0.93415300000000001113
    0.08999999999999999667     0.93272399999999999753
    0.09199999999999999845     0.93129700000000004145
    0.09400000000000000022     0.92987399999999997835
    0.09600000000000000200     0.92845400000000000151
    0.09800000000000000377     0.92703599999999997117
    0.10000000000000000555     0.92562100000000002709
    0.10199999999999999345     0.92420999999999997598
    0.10399999999999999523     0.92280099999999998239
    0.10599999999999999700     0.92139499999999996405
    0.10799999999999999878     0.91999100000000000321
    0.11000000000000000056     0.91859100000000004638
    0.11200000000000000233     0.91719300000000003603
    0.11400000000000000411     0.91579900000000002969
    0.11600000000000000588     0.91440699999999996983
    0.11799999999999999378     0.91301799999999999624
    0.11999999999999999556     0.91163199999999999790
    0.12199999999999999734     0.91024799999999994604
    0.12399999999999999911     0.90886800000000000921
    0.12600000000000000089     0.90749000000000001886
    0.12800000000000000266     0.90611500000000000377
    0.13000000000000000444     0.90474299999999996391
    0.13200000000000000622     0.90337299999999998157
    0.13400000000000000799     0.90200700000000000323
    0.13600000000000000977     0.90064299999999997137
    0.13800000000000001155     0.89928200000000002579
    0.14000000000000001332     0.89792400000000005544
    0.14199999999999998734     0.89656800000000003159
    0.14399999999999998912     0.89521600000000001174
    0.14599999999999999090     0.89386600000000004940
    0.14799999999999999267     0.89251800000000003354
    0.14999999999999999445     0.89117400000000002169
    0.15199999999999999623     0.88983199999999995633
    0.15399999999999999800     0.88849400000000000599
    0.15599999999999999978     0.88715699999999997338
    0.15800000000000000155     0.88582399999999994478
    0.16000000000000000333     0.88449299999999997368
    0.16200000000000000511     0.88316499999999997783
    0.16400000000000000688     0.88183999999999995723
    0.16600000000000000866     0.88051800000000002289
    0.16800000000000001044     0.87919800000000003504
    0.17000000000000001221     0.87788100000000002243
    0.17199999999999998623     0.87656699999999998507
    0.17399999999999998801     0.87525500000000000522
    0.17599999999999998979     0.87394600000000000062
    0.17799999999999999156     0.87263999999999997126
    0.17999999999999999334     0.87133700000000002817
    0.18199999999999999512     0.87003600000000003156
    0.18399999999999999689     0.86873800000000001020
    0.18599999999999999867     0.86744299999999996409
    0.18800000000000000044     0.86614999999999997549
    0.19000000000000000222     0.86485999999999996213
    0.19200000000000000400     0.86357300000000003504
    0.19400000000000000577     0.86228800000000005443
    0.19600000000000000755     0.86100600000000004908
    0.19800000000000000933     0.85972700000000001896
    0.20000000000000001110     0.85845000000000004636
    0.20200000000000001288     0.85717600000000004901
    0.20399999999999998690     0.85590500000000002689
    0.20599999999999998868     0.85463699999999998003
    0.20799999999999999045     0.85337099999999999067
    0.20999999999999999223     0.85210799999999997656
    0.21199999999999999400     0.85084700000000001996
    0.21399999999999999578     0.84958900000000003860
    0.21599999999999999756     0.84833400000000003249
    0.21799999999999999933     0.84708099999999997287
    0.22000000000000000111     0.84583099999999999952
    0.22200000000000000289     0.84458400000000000141
    0.22400000000000000466     0.84333899999999994979
    0.22600000000000000644     0.84209800000000001319
    0.22800000000000000822     0.84085799999999999432
    0.23000000000000000999     0.83962099999999995070
    0.23200000000000001177     0.83838699999999999335
    0.23400000000000001354     0.83715600000000001124
    0.23599999999999998757     0.83592699999999997562
    0.23799999999999998934     0.83470100000000002627
    0.23999999999999999112     0.83347800000000005216
    0.24199999999999999289     0.83225700000000002454
    0.24399999999999999467     0.83103800000000005443
    0.24599999999999999645     0.82982299999999997731
    0.24799999999999999822     0.82860999999999995769
    0.25000000000000000000     0.82739899999999999558
    0.25200000000000000178     0.82619200000000003747
    0.25400000000000000355     0.82498700000000002586
    0.25600000000000000533     0.82378399999999996073
    0.25800000000000000711     0.82258399999999998187
    0.26000000000000000888     0.82138699999999997825
    0.26200000000000001066     0.82019200000000003214
    0.26400000000000001243     0.81899999999999995026
    0.26600000000000001421     0.81781099999999995465
    0.26800000000000001599     0.81662400000000001654
    0.27000000000000001776     0.81544000000000005368
    0.27200000000000001954     0.81425800000000003731
    0.27400000000000002132     0.81307899999999999618
    0.27600000000000002309     0.81190300000000004133
    0.27800000000000002487     0.81072900000000003295
    0.28000000000000002665     0.80955799999999999983
    0.28199999999999997291     0.80838900000000002422
    0.28399999999999997469     0.80722300000000002385
    0.28599999999999997646     0.80605999999999999872
    0.28799999999999997824     0.80489900000000003111
    0.28999999999999998002     0.80374100000000003874
    0.29199999999999998179     0.80258499999999999286
    0.29399999999999998357     0.80143200000000003325
    0.29599999999999998535     0.80028200000000004888
    0.29799999999999998712     0.79913400000000001100
    0.29999999999999998890     0.79798899999999994836
    0.30199999999999999067     0.79684600000000005426
    0.30399999999999999245     0.79570600000000002439
    0.30599999999999999423     0.79456899999999996975
    0.30799999999999999600     0.79343399999999997263
    0.30999999999999999778     0.79230199999999995075
    0.31199999999999999956     0.79117199999999998639
    0.31400000000000000133     0.79004499999999999726
    0.31600000000000000311     0.78892099999999998339
    0.31800000000000000488     0.78779900000000002702
    0.32000000000000000666     0.78668000000000004590
    0.32200000000000000844     0.78556300000000001127
    0.32400000000000001021     0.78444899999999995188
    0.32600000000000001199     0.78333699999999995001
    0.32800000000000001377     0.78222899999999995213
    0.33000000000000001554     0.78112199999999998301
    0.33200000000000001732     0.78001900000000001789
    0.33400000000000001910     0.77891699999999997051
    0.33600000000000002087     0.77781900000000003814
    0.33800000000000002265     0.77672300000000005227
    0.34000000000000002442     0.77563000000000004164
    0.34200000000000002620     0.77453899999999997750
    0.34399999999999997247     0.77345099999999999962
    0.34599999999999997424     0.77236499999999996824
    0.34799999999999997602     0.77128200000000002312
    0.34999999999999997780     0.77020200000000005325
    0.35199999999999997957     0.76912400000000002986
    0.35399999999999998135     0.76804899999999998172
    0.35599999999999998312     0.76697599999999999110
    0.35799999999999998490     0.76590599999999997571
    0.35999999999999998668     0.76483900000000004660
    0.36199999999999998845     0.76377399999999995295
    0.36399999999999999023     0.76271199999999994557
    0.36599999999999999201     0.76165199999999999569
    0.36799999999999999378     0.76059500000000002107
    0.36999999999999999556     0.75953999999999999293
    0.37199999999999999734     0.75848899999999996879
    0.37399999999999999911     0.75743899999999997341
    0.37600000000000000089     0.75639299999999998203
    0.37800000000000000266     0.75534900000000004816
    0.38000000000000000444     0.75430699999999994976
    0.38200000000000000622     0.75326800000000004864
    0.38400000000000000799     0.75223200000000001175
    0.38600000000000000977     0.75119800000000003237
    0.38800000000000001155     0.75016700000000002824
    0.39000000000000001332     0.74913899999999999935
    0.39200000000000001510     0.74811300000000002797
    0.39400000000000001688     0.74709000000000003183
    0.39600000000000001865     0.74606899999999998219
    0.39800000000000002043     0.74505100000000001881
    0.40000000000000002220     0.74403600000000003067
    0.40200000000000002398     0.74302299999999998903
    0.40400000000000002576     0.74201300000000003365
    0.40600000000000002753     0.74100500000000002476
    0.40799999999999997380     0.73999999999999999112
    0.40999999999999997558     0.73899800000000004374
    0.41199999999999997735     0.73799800000000004285
    0.41399999999999997913     0.73700100000000001721
    0.41599999999999998090     0.73600600000000004908
    0.41799999999999998268     0.73501399999999994517
    0.41999999999999998446     0.73402500000000003855
    0.42199999999999998623     0.73303799999999996739
    0.42399999999999998801     0.73205399999999998251
    0.42599999999999998979     0.73107299999999997286
    0.42799999999999999156     0.73009400000000002073
    0.42999999999999999334     0.72911800000000004385
    0.43199999999999999512     0.72814500000000004221
    0.43399999999999999689     0.72717399999999998705
    0.43599999999999999867     0.72620499999999998941
    0.43800000000000000044     0.72523999999999999577
    0.44000000000000000222     0.72427699999999994862
    0.44200000000000000400     0.72331699999999998774
    0.44400000000000000577     0.72235899999999997334
    0.44600000000000000755     0.72140400000000004521
    0.44800000000000000933     0.72045099999999995255
    0.45000000000000001110     0.71950199999999997491
    0.45200000000000001288     0.71855500000000005478
    0.45400000000000001465     0.71760999999999997012
    0.45600000000000001643     0.71666799999999997173
    0.45800000000000001821     0.71572899999999994858
    0.46000000000000001998     0.71479300000000001170
    0.46200000000000002176     0.71385900000000002130
    0.46400000000000002354     0.71292800000000000615
    0.46600000000000002531     0.71199900000000004852
    0.46800000000000002709     0.71107299999999995510
    0.46999999999999997335     0.71014999999999994795
    0.47199999999999997513     0.70923000000000002707
    0.47399999999999997691     0.70831200000000005268
    0.47599999999999997868     0.70739700000000005353
    0.47799999999999998046     0.70648400000000000087
    0.47999999999999998224     0.70557400000000003448
    0.48199999999999998401     0.70466700000000004334
    0.48399999999999998579     0.70376300000000002743
    0.48599999999999998757     0.70286099999999995802
    0.48799999999999998934     0.70196199999999997488
    0.48999999999999999112     0.70106599999999996697
    0.49199999999999999289     0.70017200000000001658
    0.49399999999999999467     0.69928100000000004144
    0.49599999999999999645     0.69839300000000004154
    0.49799999999999999822     0.69750699999999998813
    0.50000000000000000000     0.69662500000000004974
    0.50200000000000000178     0.69574400000000002908
    0.50400000000000000355     0.69486700000000001243
    0.50600000000000000533     0.69399200000000005328
    0.50800000000000000711     0.69311999999999995836
    0.51000000000000000888     0.69225099999999994971
    0.51200000000000001066     0.69138500000000002732
    0.51400000000000001243     0.69052100000000005142
    0.51600000000000001421     0.68966000000000005077
    0.51800000000000001599     0.68880099999999999660
    0.52000000000000001776     0.68794599999999994644
    0.52200000000000001954     0.68709299999999995379
    0.52400000000000002132     0.68624300000000004740
    0.52600000000000002309     0.68539600000000000524
    0.52800000000000002487     0.68455100000000002058
    0.53000000000000002665     0.68370900000000001118
    0.53200000000000002842     0.68286999999999997701
    0.53400000000000003020     0.68203400000000002912
    0.53600000000000003197     0.68120000000000002771
    0.53800000000000003375     0.68036900000000000155
    0.54000000000000003553     0.67954099999999995063
    0.54200000000000003730     0.67871599999999998598
    0.54400000000000003908     0.67789299999999996782
    0.54600000000000004086     0.67707399999999995366
    0.54800000000000004263     0.67625699999999999701
    0.55000000000000004441     0.67544300000000001560
    0.55200000000000004619     0.67463099999999998069
    0.55400000000000004796     0.67382299999999994977
    0.55600000000000004974     0.67301699999999997637
    0.55800000000000005151     0.67221399999999997821
    0.56000000000000005329     0.67141399999999995529
    0.56200000000000005507     0.67061700000000001864
    0.56399999999999994582     0.66982200000000002849
    0.56599999999999994760     0.66903100000000004233
    0.56799999999999994937     0.66824200000000000266
    0.56999999999999995115     0.66745600000000004925
    0.57199999999999995293     0.66667299999999996007
    0.57399999999999995470     0.66589200000000003943
    0.57599999999999995648     0.66511500000000001176
    0.57799999999999995826     0.66434000000000004160
    0.57999999999999996003     0.66356800000000004669
    0.58199999999999996181     0.66279900000000002702
    0.58399999999999996358     0.66203299999999998260
    0.58599999999999996536     0.66127000000000002444
    0.58799999999999996714     0.66051000000000004153
    0.58999999999999996891     0.65975200000000000511
    0.59199999999999997069     0.65899799999999997269
    0.59399999999999997247     0.65824599999999999778
    0.59599999999999997424     0.65749699999999999811
    0.59799999999999997602     0.65675099999999997369
    0.59999999999999997780     0.65600800000000003553
    0.60199999999999997957     0.65526799999999996160
    0.60399999999999998135     0.65453099999999997394
    0.60599999999999998312     0.65379699999999996152
    0.60799999999999998490     0.65306500000000000661
    0.60999999999999998668     0.65233699999999994468
    0.61199999999999998845     0.65161100000000005128
    0.61399999999999999023     0.65088800000000002210
    0.61599999999999999201     0.65016899999999999693
    0.61799999999999999378     0.64945200000000002927
    0.61999999999999999556     0.64873800000000003685
    0.62199999999999999734     0.64802700000000001967
    0.62399999999999999911     0.64731899999999997775
    0.62600000000000000089     0.64661400000000002208
    0.62800000000000000266     0.64591200000000004167
    0.63000000000000000444     0.64521300000000003649
    0.63200000000000000622     0.64451700000000000657
    0.63400000000000000799     0.64382399999999995188
    0.63600000000000000977     0.64313399999999998347
    0.63800000000000001155     0.64244699999999999029
    0.64000000000000001332     0.64176299999999997237
    0.64200000000000001510     0.64108200000000004071
    0.64400000000000001688     0.64040399999999997327
    0.64600000000000001865     0.63972899999999999210
    0.64800000000000002043     0.63905699999999998617
    0.65000000000000002220     0.63838799999999995549
    0.65200000000000002398     0.63772200000000001108
    0.65400000000000002576     0.63705900000000004191
    0.65600000000000002753     0.63639900000000004798
    0.65800000000000002931     0.63574200000000002930
    0.66000000000000003109     0.63508900000000001462
    0.66200000000000003286     0.63443799999999994643
    0.66400000000000003464     0.63378999999999996451
    0.66600000000000003642     0.63314599999999998658
    0.66800000000000003819     0.63250399999999995515
    0.67000000000000003997     0.63186600000000003874
    0.67200000000000004174     0.63123099999999998655
    0.67400000000000004352     0.63059799999999999187
    0.67600000000000004530     0.62996900000000000119
    0.67800000000000004707     0.62934299999999998576
    0.68000000000000004885     0.62871999999999994557
    0.68200000000000005063     0.62810100000000002041
    0.68400000000000005240     0.62748400000000004173
    0.68600000000000005418     0.62687099999999995603
    0.68799999999999994493     0.62626000000000003887
    0.68999999999999994671     0.62565300000000001468
    0.69199999999999994849     0.62504899999999996574
    0.69399999999999995026     0.62444800000000000306
    0.69599999999999995204     0.62385100000000004439
    0.69799999999999995381     0.62325600000000003220
    0.69999999999999995559     0.62266500000000002402
    0.70199999999999995737     0.62207699999999999108
    0.70399999999999995914     0.62149200000000004440
    0.70599999999999996092     0.62090999999999996195
    0.70799999999999996270     0.62033199999999999452
    0.70999999999999996447     0.61975599999999997358
    0.71199999999999996625     0.61918399999999995664
    0.71399999999999996803     0.61861600000000005473
    0.71599999999999996980     0.61804999999999998828
    0.71799999999999997158     0.61748800000000003685
    0.71999999999999997335     0.61692899999999994964
    0.72199999999999997513     0.61637299999999994871
    0.72399999999999997691     0.61582000000000003403
    0.72599999999999997868     0.61527100000000001234
    0.72799999999999998046     0.61472499999999996589
    0.72999999999999998224     0.61418200000000000571
    0.73199999999999998401     0.61364300000000004953
    0.73399999999999998579     0.61310699999999995757
    0.73599999999999998757     0.61257399999999995188
    0.73799999999999998934     0.61204499999999995019
    0.73999999999999999112     0.61151900000000003477
    0.74199999999999999289     0.61099599999999998357
    0.74399999999999999467     0.61047700000000004739
    0.74599999999999999645     0.60996099999999997543
    0.74799999999999999822     0.60944799999999998974
    0.75000000000000000000     0.60893900000000000805
    0.75200000000000000178     0.60843300000000000161
    0.75400000000000000355     0.60792999999999997041
    0.75600000000000000533     0.60743100000000005423
    0.75800000000000000711     0.60693600000000003103
    0.76000000000000000888     0.60644299999999995432
    0.76200000000000001066     0.60595500000000002139
    0.76400000000000001243     0.60546900000000003494
    0.76600000000000001421     0.60498700000000005250
    0.76800000000000001599     0.60450899999999996304
    0.77000000000000001776     0.60403399999999995984
    0.77200000000000001954     0.60356200000000004291
    0.77400000000000002132     0.60309400000000001896
    0.77600000000000002309     0.60262899999999997025
    0.77800000000000002487     0.60216800000000003656
    0.78000000000000002665     0.60171099999999999586
    0.78200000000000002842     0.60125600000000001266
    0.78400000000000003020     0.60080599999999995120
    0.78600000000000003197     0.60035899999999997600
    0.78800000000000003375     0.59991499999999997605
    0.79000000000000003553     0.59947499999999998010
    0.79200000000000003730     0.59903899999999998816
    0.79400000000000003908     0.59860599999999997145
    0.79600000000000004086     0.59817699999999995875
    0.79800000000000004263     0.59775100000000003231
    0.80000000000000004441     0.59732899999999999885
    0.80200000000000004619     0.59691099999999996939
    0.80400000000000004796     0.59649600000000002620
    0.80600000000000004974     0.59608399999999994723
    0.80800000000000005151     0.59567700000000001204
    0.81000000000000005329     0.59527300000000005209
    0.81200000000000005507     0.59487299999999998512
    0.81399999999999994582     0.59447600000000000442
    0.81599999999999994760     0.59408300000000002772
    0.81799999999999994937     0.59369400000000005502
    0.81999999999999995115     0.59330799999999994654
    0.82199999999999995293     0.59292599999999995308
    0.82399999999999995470     0.59254799999999996363
    0.82599999999999995648     0.59217399999999997817
    0.82799999999999995826     0.59180299999999996796
    0.82999999999999996003     0.59143599999999996175
    0.83199999999999996181     0.59107299999999995954
    0.83399999999999996358     0.59071399999999996133
    0.83599999999999996536     0.59035800000000004939
    0.83799999999999996714     0.59000600000000003043
    0.83999999999999996891     0.58965800000000001546
    0.84199999999999997069     0.58931400000000000450
    0.84399999999999997247     0.58897299999999996878
    0.84599999999999997424     0.58863699999999996582
    0.84799999999999997602     0.58830400000000004912
    0.84999999999999997780     0.58797500000000002540
    0.85199999999999997957     0.58765000000000000568
    0.85399999999999998135     0.58732899999999998997
    0.85599999999999998312     0.58701199999999997825
    0.85799999999999998490     0.58669899999999997053
    0.85999999999999998668     0.58638900000000004908
    0.86199999999999998845     0.58608400000000004937
    0.86399999999999999023     0.58578200000000002490
    0.86599999999999999201     0.58548500000000003318
    0.86799999999999999378     0.58519100000000001671
    0.86999999999999999556     0.58490100000000000424
    0.87199999999999999734     0.58461600000000002453
    0.87399999999999999911     0.58433400000000002006
    0.87600000000000000089     0.58405600000000001959
    0.87800000000000000266     0.58378200000000002312
    0.88000000000000000444     0.58351299999999994839
    0.88200000000000000622     0.58324699999999995992
    0.88400000000000000799     0.58298600000000000421
    0.88600000000000000977     0.58272800000000002374
    0.88800000000000001155     0.58247499999999996501
    0.89000000000000001332     0.58222600000000002129
    0.89200000000000001510     0.58198000000000005283
    0.89400000000000001688     0.58173900000000000610
    0.89600000000000001865     0.58150199999999996336
    0.89800000000000002043     0.58126999999999995339
    0.90000000000000002220     0.58104100000000002968
    0.90200000000000002398     0.58081700000000002770
    0.90400000000000002576     0.58059600000000000097
    0.90600000000000002753     0.58038000000000000700
    0.90800000000000002931     0.58016800000000001702
    0.91000000000000003109     0.57996099999999994878
    0.91200000000000003286     0.57975699999999996681
    0.91400000000000003464     0.57955800000000001759
    0.91600000000000003642     0.57936299999999996135
    0.91800000000000003819     0.57917300000000004889
    0.92000000000000003997     0.57898600000000000065
    0.92200000000000004174     0.57880399999999998517
    0.92400000000000004352     0.57862700000000000244
    0.92600000000000004530     0.57845299999999999496
    0.92800000000000004707     0.57828400000000002024
    0.93000000000000004885     0.57811999999999996724
    0.93200000000000005063     0.57796000000000002927
    0.93400000000000005240     0.57780399999999998428
    0.93600000000000005418     0.57765200000000005431
    0.93799999999999994493     0.57750500000000004608
    0.93999999999999994671     0.57736200000000004184
    0.94199999999999994849     0.57722399999999995934
    0.94399999999999995026     0.57709100000000002062
    0.94599999999999995204     0.57696099999999994612
    0.94799999999999995381     0.57683700000000004415
    0.94999999999999995559     0.57671600000000000641
    0.95199999999999995737     0.57660100000000003018
    0.95399999999999995914     0.57648900000000002919
    0.95599999999999996092     0.57638299999999997869
    0.95799999999999996270     0.57628100000000004322
    0.95999999999999996447     0.57618300000000000072
    0.96199999999999996625     0.57608999999999999098
    0.96399999999999996803     0.57600200000000001399
    0.96599999999999996980     0.57591899999999995874
    0.96799999999999997158     0.57584000000000001851
    0.96999999999999997335     0.57576499999999997126
    0.97199999999999997513     0.57569599999999998552
    0.97399999999999997691     0.57563100000000000378
    0.97599999999999997868     0.57557000000000002604
    0.97799999999999998046     0.57551499999999999879
    0.97999999999999998224     0.57546399999999997554
    0.98199999999999998401     0.57541799999999998505
    0.98399999999999998579     0.57537700000000002731
    0.98599999999999998757     0.57533999999999996255
    0.98799999999999998934     0.57530899999999995931
    0.98999999999999999112     0.57528199999999996006
    0.99199999999999999289     0.57525999999999999357
    0.99399999999999999467     0.57524299999999994881
    0.99599999999999999645     0.57523000000000001908
    0.99799999999999999822     0.57522300000000003983
    1.00000000000000000000     0.57522099999999998232
    1.00200000000000000178     0.57522300000000003983
