       x      Css
    0.00000000000000000000     1.00000000000000000000
    0.00200000000000000004     0.99833600000000000119
    0.00400000000000000008     0.99667399999999994886
    0.00600000000000000012     0.99501700000000004032
    0.00800000000000000017     0.99336199999999996724
    0.01000000000000000021     0.99171100000000000918
    0.01200000000000000025     0.99006300000000002637
    0.01400000000000000029     0.98841900000000004756
    0.01600000000000000033     0.98677800000000004399
    0.01799999999999999864     0.98514000000000001567
    0.02000000000000000042     0.98350499999999996259
    0.02199999999999999872     0.98187400000000002454
    0.02400000000000000050     0.98024599999999995070
    0.02599999999999999881     0.97862099999999996314
    0.02800000000000000058     0.97699999999999997957
    0.02999999999999999889     0.97538199999999997125
    0.03200000000000000067     0.97376700000000004920
    0.03400000000000000244     0.97215600000000002012
    0.03599999999999999728     0.97054700000000004856
    0.03799999999999999906     0.96894199999999996997
    0.04000000000000000083     0.96734100000000000641
    0.04200000000000000261     0.96574199999999998933
    0.04399999999999999745     0.96414699999999997626
    0.04599999999999999922     0.96255500000000004945
    0.04800000000000000100     0.96096599999999998687
    0.05000000000000000278     0.95938100000000003931
    0.05199999999999999761     0.95779899999999995597
    0.05399999999999999939     0.95621999999999995890
    0.05600000000000000117     0.95464400000000004809
    0.05800000000000000294     0.95307200000000003026
    0.05999999999999999778     0.95150299999999998768
    0.06199999999999999956     0.94993700000000003136
    0.06400000000000000133     0.94837400000000005029
    0.06600000000000000311     0.94681400000000004447
    0.06800000000000000488     0.94525800000000004264
    0.07000000000000000666     0.94370500000000001606
    0.07199999999999999456     0.94215499999999996472
    0.07399999999999999634     0.94060799999999999965
    0.07599999999999999811     0.93906500000000003858
    0.07799999999999999989     0.93752500000000005276
    0.08000000000000000167     0.93598800000000004218
    0.08200000000000000344     0.93445400000000000684
    0.08400000000000000522     0.93292299999999994675
    0.08599999999999999312     0.93139600000000000168
    0.08799999999999999489     0.92987100000000000311
    0.08999999999999999667     0.92835000000000000853
    0.09199999999999999845     0.92683199999999998919
    0.09400000000000000022     0.92531799999999997386
    0.09600000000000000200     0.92380600000000001604
    0.09800000000000000377     0.92229799999999995119
    0.10000000000000000555     0.92079299999999997262
    0.10199999999999999345     0.91929099999999996928
    0.10399999999999999523     0.91779200000000005222
    0.10599999999999999700     0.91629599999999999937
    0.10799999999999999878     0.91480399999999995053
    0.11000000000000000056     0.91331399999999995920
    0.11200000000000000233     0.91182799999999997187
    0.11400000000000000411     0.91034499999999995978
    0.11600000000000000588     0.90886500000000003396
    0.11799999999999999378     0.90738799999999997237
    0.11999999999999999556     0.90591500000000002579
    0.12199999999999999734     0.90444400000000002571
    0.12399999999999999911     0.90297700000000002962
    0.12600000000000000089     0.90151199999999998003
    0.12800000000000000266     0.90005100000000004545
    0.13000000000000000444     0.89859299999999997510
    0.13200000000000000622     0.89713900000000001977
    0.13400000000000000799     0.89568700000000001094
    0.13600000000000000977     0.89423799999999997734
    0.13800000000000001155     0.89279299999999994775
    0.14000000000000001332     0.89134999999999997566
    0.14199999999999998734     0.88991100000000000758
    0.14399999999999998912     0.88847500000000001474
    0.14599999999999999090     0.88704199999999999715
    0.14799999999999999267     0.88561199999999995480
    0.14999999999999999445     0.88418499999999999872
    0.15199999999999999623     0.88276100000000001788
    0.15399999999999999800     0.88134100000000004105
    0.15599999999999999978     0.87992300000000001070
    0.15800000000000000155     0.87850899999999998435
    0.16000000000000000333     0.87709800000000004427
    0.16200000000000000511     0.87568900000000005068
    0.16400000000000000688     0.87428399999999995007
    0.16600000000000000866     0.87288200000000004675
    0.16800000000000001044     0.87148300000000000765
    0.17000000000000001221     0.87008700000000005481
    0.17199999999999998623     0.86869399999999996620
    0.17399999999999998801     0.86730399999999996385
    0.17599999999999998979     0.86591799999999996551
    0.17799999999999999156     0.86453400000000002468
    0.17999999999999999334     0.86315399999999997682
    0.18199999999999999512     0.86177599999999998648
    0.18399999999999999689     0.86040200000000000014
    0.18599999999999999867     0.85902999999999996028
    0.18800000000000000044     0.85766200000000003545
    0.19000000000000000222     0.85629699999999997484
    0.19200000000000000400     0.85493399999999997174
    0.19400000000000000577     0.85357499999999997264
    0.19600000000000000755     0.85221899999999994879
    0.19800000000000000933     0.85086600000000001121
    0.20000000000000001110     0.84951600000000004886
    0.20200000000000001288     0.84816899999999995075
    0.20399999999999998690     0.84682500000000004992
    0.20599999999999998868     0.84548400000000001331
    0.20799999999999999045     0.84414599999999995195
    0.20999999999999999223     0.84281200000000000561
    0.21199999999999999400     0.84148000000000000576
    0.21399999999999999578     0.84015099999999998115
    0.21599999999999999756     0.83882500000000004281
    0.21799999999999999933     0.83750299999999999745
    0.22000000000000000111     0.83618300000000000960
    0.22200000000000000289     0.83486599999999999699
    0.22400000000000000466     0.83355299999999998839
    0.22600000000000000644     0.83224200000000003730
    0.22800000000000000822     0.83093499999999997918
    0.23000000000000000999     0.82962999999999997858
    0.23200000000000001177     0.82832799999999995322
    0.23400000000000001354     0.82703000000000004288
    0.23599999999999998757     0.82573399999999996801
    0.23799999999999998934     0.82444200000000000816
    0.23999999999999999112     0.82315199999999999481
    0.24199999999999999289     0.82186599999999998545
    0.24399999999999999467     0.82058200000000003360
    0.24599999999999999645     0.81930199999999997473
    0.24799999999999999822     0.81802399999999997338
    0.25000000000000000000     0.81674999999999997602
    0.25200000000000000178     0.81547800000000003617
    0.25400000000000000355     0.81420999999999998931
    0.25600000000000000533     0.81294500000000002871
    0.25800000000000000711     0.81168200000000001459
    0.26000000000000000888     0.81042300000000000448
    0.26200000000000001066     0.80916600000000005188
    0.26400000000000001243     0.80791299999999999226
    0.26600000000000001421     0.80666199999999999015
    0.26800000000000001599     0.80541399999999996329
    0.27000000000000001776     0.80417000000000005144
    0.27200000000000001954     0.80292799999999997507
    0.27400000000000002132     0.80169000000000001371
    0.27600000000000002309     0.80045399999999999885
    0.27800000000000002487     0.79922199999999998798
    0.28000000000000002665     0.79799200000000003463
    0.28199999999999997291     0.79676499999999994550
    0.28399999999999997469     0.79554199999999997139
    0.28599999999999997646     0.79432100000000005480
    0.28799999999999997824     0.79310300000000000242
    0.28999999999999998002     0.79188800000000003632
    0.29199999999999998179     0.79067699999999996319
    0.29399999999999998357     0.78946799999999994757
    0.29599999999999998535     0.78826200000000001822
    0.29799999999999998712     0.78705899999999995309
    0.29999999999999998890     0.78585899999999997423
    0.30199999999999999067     0.78466199999999997061
    0.30399999999999999245     0.78346800000000005326
    0.30599999999999999423     0.78227700000000000014
    0.30799999999999999600     0.78108900000000003327
    0.30999999999999999778     0.77990400000000004166
    0.31199999999999999956     0.77872200000000002529
    0.31400000000000000133     0.77754299999999998416
    0.31600000000000000311     0.77636700000000002930
    0.31800000000000000488     0.77519400000000004969
    0.32000000000000000666     0.77402300000000001656
    0.32200000000000000844     0.77285599999999998744
    0.32400000000000001021     0.77169200000000004458
    0.32600000000000001199     0.77053000000000004821
    0.32800000000000001377     0.76937199999999994482
    0.33000000000000001554     0.76821700000000003872
    0.33200000000000001732     0.76706399999999996808
    0.33400000000000001910     0.76591399999999998371
    0.33600000000000002087     0.76476800000000000335
    0.33800000000000002265     0.76362399999999996947
    0.34000000000000002442     0.76248400000000005061
    0.34200000000000002620     0.76134599999999996722
    0.34399999999999997247     0.76021099999999997010
    0.34599999999999997424     0.75907899999999994822
    0.34799999999999997602     0.75795000000000001261
    0.34999999999999997780     0.75682400000000005225
    0.35199999999999997957     0.75570099999999995610
    0.35399999999999998135     0.75458099999999994623
    0.35599999999999998312     0.75346400000000002262
    0.35799999999999998490     0.75234999999999996323
    0.35999999999999998668     0.75123899999999999011
    0.36199999999999998845     0.75013099999999999223
    0.36399999999999999023     0.74902599999999996960
    0.36599999999999999201     0.74792300000000000448
    0.36799999999999999378     0.74682400000000004336
    0.36999999999999999556     0.74572700000000002873
    0.37199999999999999734     0.74463400000000001810
    0.37399999999999999911     0.74354299999999995396
    0.37600000000000000089     0.74245600000000000485
    0.37800000000000000266     0.74137100000000000222
    0.38000000000000000444     0.74028899999999997483
    0.38200000000000000622     0.73921099999999995145
    0.38400000000000000799     0.73813499999999998558
    0.38600000000000000977     0.73706199999999999495
    0.38800000000000001155     0.73599199999999997956
    0.39000000000000001332     0.73492500000000005045
    0.39200000000000001510     0.73386099999999998555
    0.39400000000000001688     0.73280000000000000693
    0.39600000000000001865     0.73174200000000000355
    0.39800000000000002043     0.73068699999999997541
    0.40000000000000002220     0.72963500000000003354
    0.40200000000000002398     0.72858500000000003816
    0.40400000000000002576     0.72753900000000004678
    0.40600000000000002753     0.72649600000000003064
    0.40799999999999997380     0.72545499999999996099
    0.40999999999999997558     0.72441800000000000637
    0.41199999999999997735     0.72338299999999999823
    0.41399999999999997913     0.72235199999999999410
    0.41599999999999998090     0.72132300000000004747
    0.41799999999999998268     0.72029699999999996507
    0.41999999999999998446     0.71927499999999999769
    0.42199999999999998623     0.71825499999999997680
    0.42399999999999998801     0.71723800000000004218
    0.42599999999999998979     0.71622399999999997178
    0.42799999999999999156     0.71521299999999998764
    0.42999999999999999334     0.71420499999999997875
    0.43199999999999999512     0.71319999999999994511
    0.43399999999999999689     0.71219799999999999773
    0.43599999999999999867     0.71119900000000002560
    0.43800000000000000044     0.71020300000000002871
    0.44000000000000000222     0.70921000000000000707
    0.44200000000000000400     0.70821999999999996067
    0.44400000000000000577     0.70723300000000000054
    0.44600000000000000755     0.70624799999999998690
    0.44800000000000000933     0.70526699999999997726
    0.45000000000000001110     0.70428900000000005388
    0.45200000000000001288     0.70331299999999996597
    0.45400000000000001465     0.70234099999999999309
    0.45600000000000001643     0.70137099999999996669
    0.45800000000000001821     0.70040500000000005532
    0.46000000000000001998     0.69944099999999997941
    0.46200000000000002176     0.69848100000000001852
    0.46400000000000002354     0.69752300000000000413
    0.46600000000000002531     0.69656799999999996498
    0.46800000000000002709     0.69561700000000004085
    0.46999999999999997335     0.69466799999999995219
    0.47199999999999997513     0.69372199999999994979
    0.47399999999999997691     0.69277999999999995140
    0.47599999999999997868     0.69184000000000001052
    0.47799999999999998046     0.69090300000000004488
    0.47999999999999998224     0.68996900000000005448
    0.48199999999999998401     0.68903800000000003934
    0.48399999999999998579     0.68810999999999999943
    0.48599999999999998757     0.68718599999999996353
    0.48799999999999998934     0.68626399999999998514
    0.48999999999999999112     0.68534499999999998199
    0.49199999999999999289     0.68442899999999995408
    0.49399999999999999467     0.68351600000000001245
    0.49599999999999999645     0.68260600000000004606
    0.49799999999999999822     0.68169900000000005491
    0.50000000000000000000     0.68079500000000003901
    0.50200000000000000178     0.67989399999999999835
    0.50400000000000000355     0.67899600000000004396
    0.50600000000000000533     0.67810099999999995379
    0.50800000000000000711     0.67720899999999994989
    0.51000000000000000888     0.67632000000000003226
    0.51200000000000001066     0.67543399999999997885
    0.51400000000000001243     0.67455100000000001170
    0.51600000000000001421     0.67367100000000001980
    0.51800000000000001599     0.67279400000000000315
    0.52000000000000001776     0.67191999999999996174
    0.52200000000000001954     0.67104900000000000659
    0.52400000000000002132     0.67018100000000002670
    0.52600000000000002309     0.66931600000000002204
    0.52800000000000002487     0.66845500000000002139
    0.53000000000000002665     0.66759599999999996722
    0.53200000000000002842     0.66673999999999999932
    0.53400000000000003020     0.66588700000000000667
    0.53600000000000003197     0.66503699999999998926
    0.53800000000000003375     0.66418999999999994710
    0.54000000000000003553     0.66334700000000001996
    0.54200000000000003730     0.66250600000000003931
    0.54400000000000003908     0.66166800000000003390
    0.54600000000000004086     0.66083400000000003249
    0.54800000000000004263     0.66000199999999997758
    0.55000000000000004441     0.65917300000000000892
    0.55200000000000004619     0.65834800000000004427
    0.55400000000000004796     0.65752500000000002611
    0.55600000000000004974     0.65670600000000001195
    0.55800000000000005151     0.65588999999999997303
    0.56000000000000005329     0.65507599999999999163
    0.56200000000000005507     0.65426600000000001423
    0.56399999999999994582     0.65345900000000001207
    0.56599999999999994760     0.65265499999999998515
    0.56799999999999994937     0.65185400000000004450
    0.56999999999999995115     0.65105599999999996808
    0.57199999999999995293     0.65026099999999997792
    0.57399999999999995470     0.64946899999999996300
    0.57599999999999995648     0.64868000000000003435
    0.57799999999999995826     0.64789399999999996993
    0.57999999999999996003     0.64711200000000002053
    0.58199999999999996181     0.64633200000000001761
    0.58399999999999996358     0.64555600000000001870
    0.58599999999999996536     0.64478199999999996628
    0.58799999999999996714     0.64401200000000002888
    0.58999999999999996891     0.64324499999999995570
    0.59199999999999997069     0.64248099999999996879
    0.59399999999999997247     0.64171999999999995712
    0.59599999999999997424     0.64096200000000003172
    0.59799999999999997602     0.64020699999999997054
    0.59999999999999997780     0.63945499999999999563
    0.60199999999999997957     0.63870700000000002472
    0.60399999999999998135     0.63796100000000000030
    0.60599999999999998312     0.63721899999999997988
    0.60799999999999998490     0.63648000000000004572
    0.60999999999999998668     0.63574399999999997579
    0.61199999999999998845     0.63501099999999999213
    0.61399999999999999023     0.63428099999999998371
    0.61599999999999999201     0.63355499999999997929
    0.61799999999999999378     0.63283100000000003238
    0.61999999999999999556     0.63211099999999997845
    0.62199999999999999734     0.63139400000000001079
    0.62399999999999999911     0.63068000000000001837
    0.62600000000000000089     0.62996900000000000119
    0.62800000000000000266     0.62926099999999995926
    0.63000000000000000444     0.62855600000000000360
    0.63200000000000000622     0.62785500000000005194
    0.63400000000000000799     0.62715699999999996450
    0.63600000000000000977     0.62646199999999996333
    0.63800000000000001155     0.62577000000000004842
    0.64000000000000001332     0.62508099999999999774
    0.64200000000000001510     0.62439599999999995106
    0.64400000000000001688     0.62371299999999996189
    0.64600000000000001865     0.62303399999999997672
    0.64800000000000002043     0.62235899999999999554
    0.65000000000000002220     0.62168599999999996086
    0.65200000000000002398     0.62101600000000001245
    0.65400000000000002576     0.62034999999999995701
    0.65600000000000002753     0.61968699999999998784
    0.65800000000000002931     0.61902699999999999392
    0.66000000000000003109     0.61837100000000000399
    0.66200000000000003286     0.61771699999999996056
    0.66400000000000003464     0.61706700000000003214
    0.66600000000000003642     0.61641999999999996795
    0.66800000000000003819     0.61577700000000001879
    0.67000000000000003997     0.61513600000000001611
    0.67200000000000004174     0.61449900000000001743
    0.67400000000000004352     0.61386499999999999400
    0.67600000000000004530     0.61323499999999997456
    0.67800000000000004707     0.61260700000000001264
    0.68000000000000004885     0.61198300000000005472
    0.68200000000000005063     0.61136199999999996102
    0.68400000000000005240     0.61074499999999998234
    0.68600000000000005418     0.61013099999999997891
    0.68799999999999994493     0.60951999999999995072
    0.68999999999999994671     0.60891200000000000880
    0.69199999999999994849     0.60830799999999995986
    0.69399999999999995026     0.60770699999999999719
    0.69599999999999995204     0.60710900000000000976
    0.69799999999999995381     0.60651500000000002633
    0.69999999999999995559     0.60592400000000001814
    0.70199999999999995737     0.60533599999999998520
    0.70399999999999995914     0.60475199999999995626
    0.70599999999999996092     0.60417100000000001359
    0.70799999999999996270     0.60359300000000004616
    0.70999999999999996447     0.60301800000000005397
    0.71199999999999996625     0.60244699999999995477
    0.71399999999999996803     0.60187999999999997058
    0.71599999999999996980     0.60131599999999996164
    0.71799999999999997158     0.60075500000000003897
    0.71999999999999997335     0.60019699999999998052
    0.72199999999999997513     0.59964300000000003710
    0.72399999999999997691     0.59909199999999995789
    0.72599999999999997868     0.59854499999999999371
    0.72799999999999998046     0.59800100000000000477
    0.72999999999999998224     0.59746100000000001984
    0.73199999999999998401     0.59692299999999998139
    0.73399999999999998579     0.59638999999999997570
    0.73599999999999998757     0.59585900000000002752
    0.73799999999999998934     0.59533300000000000107
    0.73999999999999999112     0.59480900000000003214
    0.74199999999999999289     0.59428899999999995618
    0.74399999999999999467     0.59377299999999999525
    0.74599999999999999645     0.59326000000000000956
    0.74799999999999999822     0.59274999999999999911
    0.75000000000000000000     0.59224399999999999267
    0.75200000000000000178     0.59174099999999996147
    0.75400000000000000355     0.59124200000000004529
    0.75600000000000000533     0.59074700000000002209
    0.75800000000000000711     0.59025499999999997414
    0.76000000000000000888     0.58976600000000001245
    0.76200000000000001066     0.58928100000000005476
    0.76400000000000001243     0.58879899999999996130
    0.76600000000000001421     0.58832099999999998285
    0.76800000000000001599     0.58784700000000000841
    0.77000000000000001776     0.58737499999999998046
    0.77200000000000001954     0.58690799999999998526
    0.77400000000000002132     0.58644399999999996531
    0.77600000000000002309     0.58598399999999994936
    0.77800000000000002487     0.58552700000000001967
    0.78000000000000002665     0.58507399999999998297
    0.78200000000000002842     0.58462400000000003253
    0.78400000000000003020     0.58417799999999997507
    0.78600000000000003197     0.58373600000000003263
    0.78800000000000003375     0.58329699999999995441
    0.79000000000000003553     0.58286099999999996246
    0.79200000000000003730     0.58243000000000000327
    0.79400000000000003908     0.58200200000000001932
    0.79600000000000004086     0.58157700000000001062
    0.79800000000000004263     0.58115700000000003467
    0.80000000000000004441     0.58074000000000003396
    0.80200000000000004619     0.58032600000000000851
    0.80400000000000004796     0.57991700000000001580
    0.80600000000000004974     0.57950999999999996959
    0.80800000000000005151     0.57910799999999995613
    0.81000000000000005329     0.57870900000000002894
    0.81200000000000005507     0.57831399999999999473
    0.81399999999999994582     0.57792299999999996452
    0.81599999999999994760     0.57753500000000002057
    0.81799999999999994937     0.57715199999999999836
    0.81999999999999995115     0.57677100000000003366
    0.82199999999999995293     0.57639499999999999069
    0.82399999999999995470     0.57602200000000003399
    0.82599999999999995648     0.57565299999999997027
    0.82799999999999995826     0.57528800000000002157
    0.82999999999999996003     0.57492699999999996585
    0.83199999999999996181     0.57456899999999999640
    0.83399999999999996358     0.57421599999999994868
    0.83599999999999996536     0.57386499999999995847
    0.83799999999999996714     0.57351900000000000102
    0.83999999999999996891     0.57317700000000004756
    0.84199999999999997069     0.57283799999999995833
    0.84399999999999997247     0.57250400000000001288
    0.84599999999999997424     0.57217300000000004268
    0.84799999999999997602     0.57184599999999996545
    0.84999999999999997780     0.57152300000000000324
    0.85199999999999997957     0.57120300000000001628
    0.85399999999999998135     0.57088799999999995105
    0.85599999999999998312     0.57057599999999997209
    0.85799999999999998490     0.57026900000000002589
    0.85999999999999998668     0.56996500000000005492
    0.86199999999999998845     0.56966499999999997694
    0.86399999999999999023     0.56936900000000001398
    0.86599999999999999201     0.56907700000000005502
    0.86799999999999999378     0.56878899999999998904
    0.86999999999999999556     0.56850500000000003809
    0.87199999999999999734     0.56822499999999998010
    0.87399999999999999911     0.56794900000000003715
    0.87600000000000000089     0.56767699999999998717
    0.87800000000000000266     0.56740900000000005221
    0.88000000000000000444     0.56714500000000001023
    0.88200000000000000622     0.56688499999999997225
    0.88400000000000000799     0.56662900000000004930
    0.88600000000000000977     0.56637700000000001932
    0.88800000000000001155     0.56612899999999999334
    0.89000000000000001332     0.56588499999999997137
    0.89200000000000001510     0.56564499999999995339
    0.89400000000000001688     0.56540900000000005043
    0.89600000000000001865     0.56517799999999995819
    0.89800000000000002043     0.56494999999999995222
    0.90000000000000002220     0.56472699999999997900
    0.90200000000000002398     0.56450699999999998102
    0.90400000000000002576     0.56429200000000001580
    0.90600000000000002753     0.56408100000000005458
    0.90800000000000002931     0.56387399999999998634
    0.91000000000000003109     0.56367199999999995086
    0.91200000000000003286     0.56347300000000000164
    0.91400000000000003464     0.56327899999999997416
    0.91600000000000003642     0.56308899999999995067
    0.91800000000000003819     0.56290300000000004221
    0.92000000000000003997     0.56272100000000002673
    0.92200000000000004174     0.56254400000000004400
    0.92400000000000004352     0.56237000000000003652
    0.92600000000000004530     0.56220099999999995077
    0.92800000000000004707     0.56203700000000000880
    0.93000000000000004885     0.56187600000000004208
    0.93200000000000005063     0.56171999999999999709
    0.93400000000000005240     0.56156799999999995610
    0.93600000000000005418     0.56142099999999994786
    0.93799999999999994493     0.56127800000000005465
    0.93999999999999994671     0.56113900000000005441
    0.94199999999999994849     0.56100399999999994716
    0.94399999999999995026     0.56087399999999998368
    0.94599999999999995204     0.56074900000000005296
    0.94799999999999995381     0.56062699999999998646
    0.94999999999999995559     0.56050999999999995271
    0.95199999999999995737     0.56039799999999995173
    0.95399999999999995914     0.56028999999999995474
    0.95599999999999996092     0.56018599999999996175
    0.95799999999999996270     0.56008700000000000152
    0.95999999999999996447     0.55999299999999996302
    0.96199999999999996625     0.55990200000000001079
    0.96399999999999996803     0.55981700000000000905
    0.96599999999999996980     0.55973499999999998256
    0.96799999999999997158     0.55965900000000001757
    0.96999999999999997335     0.55958699999999994557
    0.97199999999999997513     0.55951899999999998858
    0.97399999999999997691     0.55945599999999995333
    0.97599999999999997868     0.55939799999999995084
    0.97799999999999998046     0.55934399999999995234
    0.97999999999999998224     0.55929499999999998661
    0.98199999999999998401     0.55925000000000002487
    0.98399999999999998579     0.55920999999999998487
    0.98599999999999998757     0.55917499999999997762
    0.98799999999999998934     0.55914399999999997437
    0.98999999999999999112     0.55911800000000000388
    0.99199999999999999289     0.55909699999999995512
    0.99399999999999999467     0.55908000000000002139
    0.99599999999999999645     0.55906800000000000939
    0.99799999999999999822     0.55906100000000003014
    1.00000000000000000000     0.55905899999999997263
    1.00200000000000000178     0.55906100000000003014
