       x      Css
    0.00000000000000000000     1.00000000000000000000
    0.00200000000000000004     0.99851999999999996316
    0.00400000000000000008     0.99704400000000004134
    0.00600000000000000012     0.99557200000000001250
    0.00800000000000000017     0.99410299999999995890
    0.01000000000000000021     0.99263800000000002033
    0.01200000000000000025     0.99117599999999994598
    0.01400000000000000029     0.98971699999999995789
    0.01600000000000000033     0.98826199999999997381
    0.01799999999999999864     0.98681099999999999373
    0.02000000000000000042     0.98536299999999998889
    0.02199999999999999872     0.98391899999999998805
    0.02400000000000000050     0.98247799999999996245
    0.02599999999999999881     0.98104000000000002313
    0.02800000000000000058     0.97960599999999997678
    0.02999999999999999889     0.97817500000000001670
    0.03200000000000000067     0.97674799999999994959
    0.03400000000000000244     0.97532399999999996876
    0.03599999999999999728     0.97390399999999999192
    0.03799999999999999906     0.97248699999999999033
    0.04000000000000000083     0.97107399999999999274
    0.04200000000000000261     0.96966300000000005266
    0.04399999999999999745     0.96825700000000003431
    0.04599999999999999922     0.96685299999999996245
    0.04800000000000000100     0.96545300000000000562
    0.05000000000000000278     0.96405700000000005279
    0.05199999999999999761     0.96266300000000004644
    0.05399999999999999939     0.96127300000000004410
    0.05600000000000000117     0.95988700000000004575
    0.05800000000000000294     0.95850299999999999390
    0.05999999999999999778     0.95712299999999994604
    0.06199999999999999956     0.95574700000000001321
    0.06400000000000000133     0.95437300000000002687
    0.06600000000000000311     0.95300300000000004452
    0.06800000000000000488     0.95163699999999995516
    0.07000000000000000666     0.95027300000000003433
    0.07199999999999999456     0.94891300000000000647
    0.07399999999999999634     0.94755599999999995386
    0.07599999999999999811     0.94620199999999998752
    0.07799999999999999989     0.94485200000000002518
    0.08000000000000000167     0.94350500000000003809
    0.08200000000000000344     0.94216100000000002623
    0.08400000000000000522     0.94081999999999998963
    0.08599999999999999312     0.93948299999999995702
    0.08799999999999999489     0.93814900000000001068
    0.08999999999999999667     0.93681800000000003958
    0.09199999999999999845     0.93549000000000004373
    0.09400000000000000022     0.93416500000000002313
    0.09600000000000000200     0.93284400000000000652
    0.09800000000000000377     0.93152599999999996516
    0.10000000000000000555     0.93021100000000001007
    0.10199999999999999345     0.92889900000000003022
    0.10399999999999999523     0.92759000000000002562
    0.10599999999999999700     0.92628500000000002501
    0.10799999999999999878     0.92498199999999997090
    0.11000000000000000056     0.92368300000000003180
    0.11200000000000000233     0.92238699999999995693
    0.11400000000000000411     0.92109399999999996833
    0.11600000000000000588     0.91980399999999995497
    0.11799999999999999378     0.91851799999999994562
    0.11999999999999999556     0.91723399999999999377
    0.12199999999999999734     0.91595400000000004592
    0.12399999999999999911     0.91467600000000004457
    0.12600000000000000089     0.91340200000000004721
    0.12800000000000000266     0.91213100000000002510
    0.13000000000000000444     0.91086299999999997823
    0.13200000000000000622     0.90959800000000001763
    0.13400000000000000799     0.90833600000000003227
    0.13600000000000000977     0.90707700000000002216
    0.13800000000000001155     0.90582099999999998730
    0.14000000000000001332     0.90456800000000003870
    0.14199999999999998734     0.90331899999999998307
    0.14399999999999998912     0.90207199999999998496
    0.14599999999999999090     0.90082799999999996210
    0.14799999999999999267     0.89958800000000005426
    0.14999999999999999445     0.89834999999999998188
    0.15199999999999999623     0.89711499999999999577
    0.15399999999999999800     0.89588400000000001366
    0.15599999999999999978     0.89465499999999997804
    0.15800000000000000155     0.89342999999999994643
    0.16000000000000000333     0.89220699999999997232
    0.16200000000000000511     0.89098800000000000221
    0.16400000000000000688     0.88977099999999997859
    0.16600000000000000866     0.88855700000000004124
    0.16800000000000001044     0.88734699999999999687
    0.17000000000000001221     0.88613900000000001000
    0.17199999999999998623     0.88493399999999999839
    0.17399999999999998801     0.88373199999999996201
    0.17599999999999998979     0.88253400000000004066
    0.17799999999999999156     0.88133799999999995478
    0.17999999999999999334     0.88014499999999995516
    0.18199999999999999512     0.87895500000000004182
    0.18399999999999999689     0.87776699999999996393
    0.18599999999999999867     0.87658300000000000107
    0.18800000000000000044     0.87540200000000001346
    0.19000000000000000222     0.87422400000000000109
    0.19200000000000000400     0.87304800000000004623
    0.19400000000000000577     0.87187599999999998435
    0.19600000000000000755     0.87070599999999997998
    0.19800000000000000933     0.86953899999999995085
    0.20000000000000001110     0.86837500000000000799
    0.20200000000000001288     0.86721400000000004038
    0.20399999999999998690     0.86605600000000004801
    0.20599999999999998868     0.86490100000000003089
    0.20799999999999999045     0.86374799999999996025
    0.20999999999999999223     0.86259900000000000464
    0.21199999999999999400     0.86145199999999999552
    0.21399999999999999578     0.86030799999999996164
    0.21599999999999999756     0.85916700000000001403
    0.21799999999999999933     0.85802900000000004166
    0.22000000000000000111     0.85689400000000004454
    0.22200000000000000289     0.85576099999999999390
    0.22400000000000000466     0.85463100000000002954
    0.22600000000000000644     0.85350400000000004042
    0.22800000000000000822     0.85238000000000002654
    0.23000000000000000999     0.85125899999999998791
    0.23200000000000001177     0.85014100000000003554
    0.23400000000000001354     0.84902500000000002967
    0.23599999999999998757     0.84791199999999999903
    0.23799999999999998934     0.84680200000000005467
    0.23999999999999999112     0.84569499999999997453
    0.24199999999999999289     0.84458999999999995190
    0.24399999999999999467     0.84348800000000001553
    0.24599999999999999645     0.84238900000000005441
    0.24799999999999999822     0.84129299999999995752
    0.25000000000000000000     0.84019999999999994689
    0.25200000000000000178     0.83910899999999999377
    0.25400000000000000355     0.83802100000000001589
    0.25600000000000000533     0.83693600000000001327
    0.25800000000000000711     0.83585399999999998588
    0.26000000000000000888     0.83477400000000001601
    0.26200000000000001066     0.83369700000000002138
    0.26400000000000001243     0.83262300000000000200
    0.26600000000000001421     0.83155100000000004012
    0.26800000000000001599     0.83048299999999997123
    0.27000000000000001776     0.82941699999999995985
    0.27200000000000001954     0.82835300000000000598
    0.27400000000000002132     0.82729299999999994508
    0.27600000000000002309     0.82623500000000005272
    0.27800000000000002487     0.82518000000000002458
    0.28000000000000002665     0.82412700000000005396
    0.28199999999999997291     0.82307699999999994755
    0.28399999999999997469     0.82203000000000003844
    0.28599999999999997646     0.82098599999999999355
    0.28799999999999997824     0.81994400000000000617
    0.28999999999999998002     0.81890499999999999403
    0.29199999999999998179     0.81786899999999995714
    0.29399999999999998357     0.81683499999999997776
    0.29599999999999998535     0.81580399999999997362
    0.29799999999999998712     0.81477599999999994473
    0.29999999999999998890     0.81374999999999997335
    0.30199999999999999067     0.81272699999999997722
    0.30399999999999999245     0.81170600000000003860
    0.30599999999999999423     0.81068899999999999295
    0.30799999999999999600     0.80967400000000000482
    0.30999999999999999778     0.80866099999999996317
    0.31199999999999999956     0.80765200000000003655
    0.31400000000000000133     0.80664400000000002766
    0.31600000000000000311     0.80564000000000002277
    0.31800000000000000488     0.80463799999999996437
    0.32000000000000000666     0.80363899999999999224
    0.32200000000000000844     0.80264199999999996660
    0.32400000000000001021     0.80164800000000002722
    0.32600000000000001199     0.80065699999999995207
    0.32800000000000001377     0.79966800000000004545
    0.33000000000000001554     0.79868200000000000305
    0.33200000000000001732     0.79769800000000001816
    0.33400000000000001910     0.79671700000000000852
    0.33600000000000002087     0.79573899999999997412
    0.33800000000000002265     0.79476299999999999724
    0.34000000000000002442     0.79378999999999999559
    0.34200000000000002620     0.79281999999999996920
    0.34399999999999997247     0.79185200000000000031
    0.34599999999999997424     0.79088700000000000667
    0.34799999999999997602     0.78992399999999995952
    0.34999999999999997780     0.78896399999999999864
    0.35199999999999997957     0.78800599999999998424
    0.35399999999999998135     0.78705099999999994509
    0.35599999999999998312     0.78609899999999999221
    0.35799999999999998490     0.78514899999999998581
    0.35999999999999998668     0.78420100000000003693
    0.36199999999999998845     0.78325699999999998102
    0.36399999999999999023     0.78231499999999998263
    0.36599999999999999201     0.78137500000000004174
    0.36799999999999999378     0.78043799999999996508
    0.36999999999999999556     0.77950299999999994593
    0.37199999999999999734     0.77857200000000004181
    0.37399999999999999911     0.77764200000000005542
    0.37600000000000000089     0.77671500000000004427
    0.37800000000000000266     0.77579100000000000836
    0.38000000000000000444     0.77486900000000002997
    0.38200000000000000622     0.77395000000000002682
    0.38400000000000000799     0.77303399999999999892
    0.38600000000000000977     0.77211899999999999977
    0.38800000000000001155     0.77120800000000000463
    0.39000000000000001332     0.77029899999999995597
    0.39200000000000001510     0.76939199999999996482
    0.39400000000000001688     0.76848799999999994892
    0.39600000000000001865     0.76758700000000001928
    0.39800000000000002043     0.76668800000000003614
    0.40000000000000002220     0.76579200000000002824
    0.40200000000000002398     0.76489799999999996682
    0.40400000000000002576     0.76400599999999996292
    0.40600000000000002753     0.76311799999999996302
    0.40799999999999997380     0.76223099999999999188
    0.40999999999999997558     0.76134699999999999598
    0.41199999999999997735     0.76046599999999997532
    0.41399999999999997913     0.75958700000000001218
    0.41599999999999998090     0.75871100000000002428
    0.41799999999999998268     0.75783699999999998287
    0.41999999999999998446     0.75696600000000002773
    0.42199999999999998623     0.75609700000000001907
    0.42399999999999998801     0.75523099999999998566
    0.42599999999999998979     0.75436700000000000976
    0.42799999999999999156     0.75350600000000000911
    0.42999999999999999334     0.75264699999999995494
    0.43199999999999999512     0.75179099999999998705
    0.43399999999999999689     0.75093699999999996564
    0.43599999999999999867     0.75008600000000003050
    0.43800000000000000044     0.74923700000000004184
    0.44000000000000000222     0.74839100000000002844
    0.44200000000000000400     0.74754699999999996152
    0.44400000000000000577     0.74670599999999998087
    0.44600000000000000755     0.74586699999999994670
    0.44800000000000000933     0.74503099999999999881
    0.45000000000000001110     0.74419699999999999740
    0.45200000000000001288     0.74336599999999997124
    0.45400000000000001465     0.74253700000000000259
    0.45600000000000001643     0.74170999999999998042
    0.45800000000000001821     0.74088699999999996226
    0.46000000000000001998     0.74006499999999997286
    0.46200000000000002176     0.73924599999999995870
    0.46400000000000002354     0.73843000000000003080
    0.46600000000000002531     0.73761600000000004940
    0.46800000000000002709     0.73680400000000001448
    0.46999999999999997335     0.73599499999999995481
    0.47199999999999997513     0.73518899999999998141
    0.47399999999999997691     0.73438499999999995449
    0.47599999999999997868     0.73358299999999998509
    0.47799999999999998046     0.73278399999999999093
    0.47999999999999998224     0.73198700000000005428
    0.48199999999999998401     0.73119299999999998185
    0.48399999999999998579     0.73040099999999996694
    0.48599999999999998757     0.72961200000000003829
    0.48799999999999998934     0.72882499999999994511
    0.48999999999999999112     0.72804100000000004922
    0.49199999999999999289     0.72725899999999998879
    0.49399999999999999467     0.72648000000000001464
    0.49599999999999999645     0.72570299999999998697
    0.49799999999999999822     0.72492800000000001681
    0.50000000000000000000     0.72415600000000002190
    0.50200000000000000178     0.72338700000000000223
    0.50400000000000000355     0.72262000000000004007
    0.50600000000000000533     0.72185500000000002441
    0.50800000000000000711     0.72109299999999998398
    0.51000000000000000888     0.72033400000000002983
    0.51200000000000001066     0.71957700000000002216
    0.51400000000000001243     0.71882199999999996098
    0.51600000000000001421     0.71806999999999998607
    0.51800000000000001599     0.71731999999999995765
    0.52000000000000001776     0.71657300000000001550
    0.52200000000000001954     0.71582800000000001983
    0.52400000000000002132     0.71508499999999997065
    0.52600000000000002309     0.71434600000000003650
    0.52800000000000002487     0.71360800000000002008
    0.53000000000000002665     0.71287299999999997890
    0.53200000000000002842     0.71214100000000002400
    0.53400000000000003020     0.71141100000000001558
    0.53600000000000003197     0.71068299999999995364
    0.53800000000000003375     0.70995799999999997798
    0.54000000000000003553     0.70923599999999997756
    0.54200000000000003730     0.70851600000000003465
    0.54400000000000003908     0.70779800000000003823
    0.54600000000000004086     0.70708300000000001706
    0.54800000000000004263     0.70637000000000005340
    0.55000000000000004441     0.70565999999999995396
    0.55200000000000004619     0.70495200000000002305
    0.55400000000000004796     0.70424699999999995637
    0.55600000000000004974     0.70354399999999994719
    0.55800000000000005151     0.70284400000000002429
    0.56000000000000005329     0.70214600000000004787
    0.56200000000000005507     0.70145100000000004670
    0.56399999999999994582     0.70075799999999999201
    0.56599999999999994760     0.70006800000000002360
    0.56799999999999994937     0.69938000000000000167
    0.56999999999999995115     0.69869499999999995499
    0.57199999999999995293     0.69801199999999996582
    0.57399999999999995470     0.69733199999999995189
    0.57599999999999995648     0.69665399999999999547
    0.57799999999999995826     0.69597799999999998555
    0.57999999999999996003     0.69530499999999995087
    0.58199999999999996181     0.69463500000000000245
    0.58399999999999996358     0.69396700000000000053
    0.58599999999999996536     0.69330199999999997384
    0.58799999999999996714     0.69263900000000000468
    0.58999999999999996891     0.69197799999999998199
    0.59199999999999997069     0.69132099999999996331
    0.59399999999999997247     0.69066499999999997339
    0.59599999999999997424     0.69001199999999995871
    0.59799999999999997602     0.68936200000000003030
    0.59999999999999997780     0.68871400000000004837
    0.60199999999999997957     0.68806900000000004169
    0.60399999999999998135     0.68742599999999998150
    0.60599999999999998312     0.68678600000000000758
    0.60799999999999998490     0.68614799999999998015
    0.60999999999999998668     0.68551300000000003898
    0.61199999999999998845     0.68488000000000004430
    0.61399999999999999023     0.68425000000000002487
    0.61599999999999999201     0.68362199999999995192
    0.61799999999999999378     0.68299699999999996525
    0.61999999999999999556     0.68237400000000003608
    0.62199999999999999734     0.68175399999999997114
    0.62399999999999999911     0.68113699999999999246
    0.62600000000000000089     0.68052199999999996027
    0.62800000000000000266     0.67990899999999998560
    0.63000000000000000444     0.67930000000000001492
    0.63200000000000000622     0.67869199999999996198
    0.63400000000000000799     0.67808699999999999530
    0.63600000000000000977     0.67748500000000000387
    0.63800000000000001155     0.67688599999999998769
    0.64000000000000001332     0.67628800000000000026
    0.64200000000000001510     0.67569400000000001683
    0.64400000000000001688     0.67510199999999997988
    0.64600000000000001865     0.67451300000000002921
    0.64800000000000002043     0.67392600000000002503
    0.65000000000000002220     0.67334199999999999608
    0.65200000000000002398     0.67276000000000002466
    0.65400000000000002576     0.67218100000000002847
    0.65600000000000002753     0.67160399999999997878
    0.65800000000000002931     0.67103100000000004410
    0.66000000000000003109     0.67045900000000002716
    0.66200000000000003286     0.66989100000000001423
    0.66400000000000003464     0.66932499999999994778
    0.66600000000000003642     0.66876100000000004986
    0.66800000000000003819     0.66820000000000001616
    0.67000000000000003997     0.66764199999999995772
    0.67200000000000004174     0.66708599999999995678
    0.67400000000000004352     0.66653300000000004211
    0.67600000000000004530     0.66598299999999999166
    0.67800000000000004707     0.66543499999999999872
    0.68000000000000004885     0.66488999999999998103
    0.68200000000000005063     0.66434800000000004960
    0.68400000000000005240     0.66380799999999995364
    0.68600000000000005418     0.66327100000000005497
    0.68799999999999994493     0.66273599999999999177
    0.68999999999999994671     0.66220500000000004359
    0.69199999999999994849     0.66167500000000001315
    0.69399999999999995026     0.66114899999999998670
    0.69599999999999995204     0.66062500000000001776
    0.69799999999999995381     0.66010400000000002407
    0.69999999999999995559     0.65958499999999997687
    0.70199999999999995737     0.65907000000000004469
    0.70399999999999995914     0.65855699999999994798
    0.70599999999999996092     0.65804600000000001980
    0.70799999999999996270     0.65753799999999995585
    0.70999999999999996447     0.65703299999999997816
    0.71199999999999996625     0.65653099999999997571
    0.71399999999999996803     0.65603199999999994851
    0.71599999999999996980     0.65553499999999997883
    0.71799999999999997158     0.65504099999999998438
    0.71999999999999997335     0.65454900000000004745
    0.72199999999999997513     0.65406100000000000350
    0.72399999999999997691     0.65357500000000001705
    0.72599999999999997868     0.65309200000000000585
    0.72799999999999998046     0.65261100000000005217
    0.72999999999999998224     0.65213399999999999146
    0.73199999999999998401     0.65165899999999998826
    0.73399999999999998579     0.65118699999999996031
    0.73599999999999998757     0.65071800000000001862
    0.73799999999999998934     0.65025100000000002343
    0.73999999999999999112     0.64978800000000003223
    0.74199999999999999289     0.64932699999999998752
    0.74399999999999999467     0.64886900000000002908
    0.74599999999999999645     0.64841400000000004589
    0.74799999999999999822     0.64796100000000000918
    0.75000000000000000000     0.64751199999999997647
    0.75200000000000000178     0.64706500000000000128
    0.75400000000000000355     0.64662100000000000133
    0.75600000000000000533     0.64617999999999997662
    0.75800000000000000711     0.64574200000000003818
    0.76000000000000000888     0.64530600000000004624
    0.76200000000000001066     0.64487399999999994726
    0.76400000000000001243     0.64444400000000001683
    0.76600000000000001421     0.64401799999999997937
    0.76800000000000001599     0.64359399999999999942
    0.77000000000000001776     0.64317299999999999471
    0.77200000000000001954     0.64275499999999996525
    0.77400000000000002132     0.64234000000000002206
    0.77600000000000002309     0.64192800000000005411
    0.77800000000000002487     0.64151899999999995039
    0.78000000000000002665     0.64111200000000001520
    0.78200000000000002842     0.64070899999999997299
    0.78400000000000003020     0.64030900000000001704
    0.78600000000000003197     0.63991100000000000758
    0.78800000000000003375     0.63951700000000000212
    0.79000000000000003553     0.63912599999999997191
    0.79200000000000003730     0.63873699999999999921
    0.79400000000000003908     0.63835200000000003051
    0.79600000000000004086     0.63796900000000000830
    0.79800000000000004263     0.63758999999999999009
    0.80000000000000004441     0.63721399999999994712
    0.80200000000000004619     0.63683999999999996167
    0.80400000000000004796     0.63646999999999998021
    0.80600000000000004974     0.63610299999999997400
    0.80800000000000005151     0.63573900000000005406
    0.81000000000000005329     0.63537799999999999834
    0.81200000000000005507     0.63502000000000002888
    0.81399999999999994582     0.63466500000000003467
    0.81599999999999994760     0.63431300000000001571
    0.81799999999999994937     0.63396500000000000075
    0.81999999999999995115     0.63361900000000004329
    0.82199999999999995293     0.63327699999999997882
    0.82399999999999995470     0.63293800000000000061
    0.82599999999999995648     0.63260199999999999765
    0.82799999999999995826     0.63226899999999996993
    0.82999999999999996003     0.63193900000000002848
    0.83199999999999996181     0.63161299999999998001
    0.83399999999999996358     0.63128899999999998904
    0.83599999999999996536     0.63096900000000000208
    0.83799999999999996714     0.63065300000000001912
    0.83999999999999996891     0.63033899999999998265
    0.84199999999999997069     0.63002899999999995018
    0.84399999999999997247     0.62972099999999997522
    0.84599999999999997424     0.62941800000000003301
    0.84799999999999997602     0.62911700000000003730
    0.84999999999999997780     0.62882000000000004558
    0.85199999999999997957     0.62852600000000002911
    0.85399999999999998135     0.62823499999999998789
    0.85599999999999998312     0.62794799999999995066
    0.85799999999999998490     0.62766399999999999970
    0.85999999999999998668     0.62738400000000005274
    0.86199999999999998845     0.62710699999999997001
    0.86399999999999999023     0.62683299999999997354
    0.86599999999999999201     0.62656199999999995232
    0.86799999999999999378     0.62629599999999996385
    0.86999999999999999556     0.62603200000000003289
    0.87199999999999999734     0.62577199999999999491
    0.87399999999999999911     0.62551500000000004320
    0.87600000000000000089     0.62526199999999998447
    0.87800000000000000266     0.62501300000000004076
    0.88000000000000000444     0.62476600000000004353
    0.88200000000000000622     0.62452399999999996805
    0.88400000000000000799     0.62428499999999997883
    0.88600000000000000977     0.62404899999999996485
    0.88800000000000001155     0.62381699999999995487
    0.89000000000000001332     0.62358899999999994890
    0.89200000000000001510     0.62336400000000002919
    0.89400000000000001688     0.62314199999999997370
    0.89600000000000001865     0.62292499999999995097
    0.89800000000000002043     0.62271100000000001451
    0.90000000000000002220     0.62250099999999997102
    0.90200000000000002398     0.62229400000000001381
    0.90400000000000002576     0.62209099999999994957
    0.90600000000000002753     0.62189200000000000035
    0.90800000000000002931     0.62169600000000002638
    0.91000000000000003109     0.62150399999999994538
    0.91200000000000003286     0.62131599999999997941
    0.91400000000000003464     0.62113200000000001744
    0.91600000000000003642     0.62095100000000003071
    0.91800000000000003819     0.62077499999999996572
    0.92000000000000003997     0.62060199999999998699
    0.92200000000000004174     0.62043300000000001226
    0.92400000000000004352     0.62026800000000004154
    0.92600000000000004530     0.62010699999999996379
    0.92800000000000004707     0.61994899999999997231
    0.93000000000000004885     0.61979600000000001359
    0.93200000000000005063     0.61964600000000003011
    0.93400000000000005240     0.61950099999999996836
    0.93600000000000005418     0.61935899999999999288
    0.93799999999999994493     0.61922100000000002140
    0.93999999999999994671     0.61908799999999997166
    0.94199999999999994849     0.61895800000000000818
    0.94399999999999995026     0.61883299999999996643
    0.94599999999999995204     0.61871200000000003971
    0.94799999999999995381     0.61859399999999997721
    0.94999999999999995559     0.61848099999999994747
    0.95199999999999995737     0.61837200000000003275
    0.95399999999999995914     0.61826700000000001101
    0.95599999999999996092     0.61816700000000002202
    0.95799999999999996270     0.61807000000000000828
    0.95999999999999996447     0.61797800000000002729
    0.96199999999999996625     0.61789000000000005031
    0.96399999999999996803     0.61780599999999996630
    0.96599999999999996980     0.61772700000000002607
    0.96799999999999997158     0.61765199999999997882
    0.96999999999999997335     0.61758100000000004659
    0.97199999999999997513     0.61751500000000003610
    0.97399999999999997691     0.61745300000000002960
    0.97599999999999997868     0.61739500000000002711
    0.97799999999999998046     0.61734199999999994635
    0.97999999999999998224     0.61729400000000000936
    0.98199999999999998401     0.61724999999999996536
    0.98399999999999998579     0.61721000000000003638
    0.98599999999999998757     0.61717500000000002913
    0.98799999999999998934     0.61714500000000005464
    0.98999999999999999112     0.61711899999999997313
    0.99199999999999999289     0.61709800000000003539
    0.99399999999999999467     0.61708099999999999064
    0.99599999999999999645     0.61706899999999997863
    0.99799999999999999822     0.61706199999999999939
    1.00000000000000000000     0.61706000000000005290
    1.00200000000000000178     0.61706199999999999939
